"baseMean"	"log2FoldChange.x"	"lfcSE.x"	"stat.x"	"pvalue.x"	"padj.x"	"log2FoldChange.y"	"lfcSE.y"	"stat.y"	"pvalue.y"	"padj.y"
"Cspg4"	542.717653250316	2.47480148598024	0.201363585136719	12.2902136664876	1.02235451728076e-34	7.10945331317038e-31	2.14395789860695	0.173779353438965	12.2902136664876	1.02235451728076e-34	7.10945331317038e-31
"Mmp9"	791.586953607318	1.7730830766208	0.209210825876762	8.47510194173818	2.34873773499724e-17	3.26662444183416e-14	1.51974884001808	0.179184032079347	8.47510194173818	2.34873773499724e-17	3.26662444183416e-14
"Dpysl3"	857.383723828457	1.50125236131776	0.159579777164966	9.40753514003116	5.07907619532016e-21	1.17732986207521e-17	1.3687544970394	0.145377816944604	9.40753514003116	5.07907619532016e-21	1.17732986207521e-17
"Igf2r"	435.767563769504	1.48012089083701	0.211510133084969	6.9978722496591	2.5987888003667e-12	1.90231340186843e-09	1.26493676896274	0.180544543850389	6.9978722496591	2.5987888003667e-12	1.90231340186843e-09
"Vldlr"	121.484862989446	1.75616716122325	0.334730915237914	5.24650422556588	1.55012294977231e-07	3.08146014861975e-05	1.23007593887763	0.23400106483169	5.24650422556588	1.55012294977231e-07	3.08146014861975e-05
"Aldh1a2"	111.615915105235	1.86785807782332	0.372103740592439	5.01972400183197	5.17457728570016e-07	8.27218630913998e-05	1.22055101591766	0.243095438539374	5.01972400183197	5.17457728570016e-07	8.27218630913998e-05
"Retnla"	338.466644709667	1.4930954015309	0.24994060298077	5.97380090999372	2.31788646685464e-09	8.26593973872164e-07	1.20615134900019	0.20171117813553	5.97380090999372	2.31788646685464e-09	8.26593973872164e-07
"S100a4"	2497.07461802005	1.29021241661916	0.138296023979587	9.32935293070755	1.06519204666462e-20	2.11638442643023e-17	1.20277426753362	0.128898258443361	9.32935293070755	1.06519204666462e-20	2.11638442643023e-17
"Cd109"	141.374186821181	1.55704439631454	0.287140381808304	5.42258941953356	5.87418125167439e-08	1.40858815255668e-05	1.18505932108833	0.217974755573159	5.42258941953356	5.87418125167439e-08	1.40858815255668e-05
"Fgfr1"	581.544748461996	1.30113000311975	0.180097487542099	7.22458719928337	5.0262626495896e-13	4.11207417238189e-10	1.15833633963001	0.160201952169667	7.22458719928337	5.0262626495896e-13	4.11207417238189e-10
"Hr"	191.614483965738	1.44990066095662	0.280238417157126	5.1738111985684	2.29366597672085e-07	4.4305981116991e-05	1.11617561429145	0.21540910416744	5.1738111985684	2.29366597672085e-07	4.4305981116991e-05
"Cd59a"	44.5030680576212	2.74523061620837	0.608489368132985	4.51155066954006	6.43554052764403e-06	0.000653324800426812	1.11033808434082	0.25427748913261	4.51155066954006	6.43554052764403e-06	0.000653324800426812
"Cfp"	2799.72100921944	1.17747167548995	0.15474601790679	7.60905961534457	2.76097386284765e-14	2.74283032032036e-11	1.07923036611878	0.141817937501111	7.60905961534457	2.76097386284765e-14	2.74283032032036e-11
"Phyhd1"	519.845445597794	1.22027865164524	0.20633023405928	5.91420184835656	3.3348872124968e-09	1.13125881344891e-06	1.05028175754828	0.1774719028375	5.91420184835656	3.3348872124968e-09	1.13125881344891e-06
"Ctsk"	218.950831291291	1.49460502809486	0.337932501153133	4.42279160185774	9.74337133401954e-06	0.000897422572937376	1.04034176293772	0.235387576106862	4.42279160185774	9.74337133401954e-06	0.000897422572937376
"Cfb"	165.819409693624	1.52246068523293	0.352502029371006	4.31901254001163	1.56728877556536e-05	0.00134671977334157	1.03216701044771	0.2390970276075	4.31901254001163	1.56728877556536e-05	0.00134671977334157
"Fabp5"	341.558641580238	1.24697808979833	0.237682199293972	5.24640925362708	1.55092184644365e-07	3.08146014861975e-05	1.02645025799411	0.195483126604291	5.24640925362708	1.55092184644365e-07	3.08146014861975e-05
"Cd209a"	783.235973108651	1.14340089191059	0.181929936758565	6.28484191377457	3.28187477668111e-10	1.41792076149079e-07	1.01561931275071	0.161530364488635	6.28484191377457	3.28187477668111e-10	1.41792076149079e-07
"Ccl17"	215.113724812087	1.81545553558386	0.459840600293795	3.94801053761663	7.88033367732105e-05	0.00500455163398087	0.99628002033212	0.25485711021277	3.94801053761663	7.88033367732105e-05	0.00500455163398087
"Trem1"	773.315068563007	1.17963075006317	0.221974867666087	5.31425364711858	1.07095357693662e-07	2.30489760815021e-05	0.993445653165357	0.186890779154883	5.31425364711858	1.07095357693662e-07	2.30489760815021e-05
"Atp10a"	126.384236921148	1.50524721165651	0.367217077445456	4.09906647623187	4.14819888982997e-05	0.00308519519570884	0.993330893222268	0.24240522207312	4.09906647623187	4.14819888982997e-05	0.00308519519570884
"Chad"	54.5720298823475	5.27881623357893	0.951178948304361	5.54976142290503	2.8605970014269e-08	7.36762649923063e-06	0.993241757798338	0.230233373239904	5.54976142290503	2.8605970014269e-08	7.36762649923063e-06
"Folr2"	336.593085803138	1.14597450919282	0.213540910414066	5.36653378020501	8.02641736412798e-08	1.80050665645632e-05	0.976672324601252	0.181829762123894	5.36653378020501	8.02641736412798e-08	1.80050665645632e-05
"Rgs18"	205.452389893717	1.22903890183837	0.261866093094558	4.69338694183128	2.68718527140181e-06	0.00033975793413324	0.974588319368327	0.20744097955675	4.69338694183128	2.68718527140181e-06	0.00033975793413324
"Gpr171"	174.245641156023	1.23312535808561	0.26596799877152	4.63636739675936	3.54585487528072e-06	0.000407029107138174	0.971565476069429	0.20927367227083	4.63636739675936	3.54585487528072e-06	0.000407029107138174
"Adora2b"	275.028997965944	1.153181325556	0.225915145559986	5.10448877917219	3.31689953718349e-07	5.69523935347506e-05	0.965711779324015	0.189005422038488	5.10448877917219	3.31689953718349e-07	5.69523935347506e-05
"Gfra2"	132.162159259779	1.72245565677122	0.450499475911805	3.82343542860953	0.00013160506841299	0.00782206534823872	0.965446866270147	0.254157873310876	3.82343542860953	0.00013160506841299	0.00782206534823872
"Il4i1"	195.133940019224	1.22028091681881	0.26450951863901	4.6133724150933	3.96187496590415e-06	0.00043409192362013	0.963616568235876	0.20865300183237	4.6133724150933	3.96187496590415e-06	0.00043409192362013
"Lyz1"	989.916812148025	1.21333794342802	0.269926750920731	4.49506371372707	6.95491192671459e-06	0.000695891475372277	0.949739565318081	0.211340754242472	4.49506371372707	6.95491192671459e-06	0.000695891475372277
"Cd226"	91.9252019920047	1.68213426534988	0.449251605951481	3.74430328810345	0.000180895037381642	0.0100635527196155	0.945961236234422	0.253989997977419	3.74430328810345	0.000180895037381642	0.0100635527196155
"Gm21188"	353.764272305569	1.19336180206939	0.262526589256198	4.54567975552675	5.47582407283343e-06	0.000572614745902011	0.945340705065103	0.207886014269117	4.54567975552675	5.47582407283343e-06	0.000572614745902011
"S100a6"	1514.42173369024	1.09726335102888	0.206747805759646	5.30725512175206	1.11288364627816e-07	2.33286871931874e-05	0.943835590784835	0.177823517073514	5.30725512175206	1.11288364627816e-07	2.33286871931874e-05
"Alox15"	31.9757101592263	4.70815212239206	0.9668533210762	4.86956192812312	1.1184592774634e-06	0.000165484379052777	0.934936217522735	0.22971440460426	4.86956192812312	1.1184592774634e-06	0.000165484379052777
"Rarb"	57.2513012916301	2.03011978368318	0.550344089614833	3.68881908971529	0.000225297341601058	0.0120982062818051	0.929684419124781	0.256095352263763	3.68881908971529	0.000225297341601058	0.0120982062818051
"Akr1c13"	124.024954815667	1.22652512696942	0.290045337453088	4.22873588570546	2.35008033822504e-05	0.00190028589209499	0.929064532053166	0.219344980739293	4.22873588570546	2.35008033822504e-05	0.00190028589209499
"Vdr"	232.202687657772	1.16771002211451	0.260391522137949	4.48443947993011	7.3105850808865e-06	0.000726254409321211	0.928198212748908	0.206813291463247	4.48443947993011	7.3105850808865e-06	0.000726254409321211
"Zbtb46"	192.968098813844	1.16790083531345	0.261164125274288	4.47190376582873	7.7526315972961e-06	0.000759321128557705	0.927366360391902	0.207125347819193	4.47190376582873	7.7526315972961e-06	0.000759321128557705
"Epb41l1"	403.539468693722	1.02793717028026	0.176381433270154	5.82792163110402	5.61219207877867e-09	1.81521784724776e-06	0.919236761461467	0.157614827286374	5.82792163110402	5.61219207877867e-09	1.81521784724776e-06
"Ankrd28"	187.210148408494	1.14024541579853	0.256684134731811	4.44221228160396	8.90386505470482e-06	0.000832367437081262	0.911672617819005	0.205004601948865	4.44221228160396	8.90386505470482e-06	0.000832367437081262
"Fads2"	257.066787398773	1.63989210500386	0.455427325349408	3.60077670733904	0.000317267970653836	0.0153747837486187	0.909668964914913	0.254607155567731	3.60077670733904	0.000317267970653836	0.0153747837486187
"Ear2"	794.917514785262	1.21563925590764	0.29855994880048	4.07167559075387	4.66761567062385e-05	0.00334028639093758	0.907254455316355	0.222955741520804	4.07167559075387	4.66761567062385e-05	0.00334028639093758
"Car5b"	57.4607196714254	1.59533293235274	0.445831639398303	3.57833045341021	0.000345796074244354	0.0164703143855838	0.905454950554301	0.253582561259832	3.57833045341021	0.000345796074244354	0.0164703143855838
"Mcemp1"	436.797250540193	1.12154503445499	0.25230611338898	4.44517581992119	8.78200155190557e-06	0.000830884881523147	0.902863758097502	0.203047163604523	4.44517581992119	8.78200155190557e-06	0.000830884881523147
"Dcn"	137.288448191623	2.13342498355059	0.584828389010354	3.64795044775575	0.000264340602854605	0.0135662328579404	0.901942892000781	0.254505942821538	3.64795044775575	0.000264340602854605	0.0135662328579404
"Lypd2"	67.1493195138863	5.61266369648773	1.00492116672286	5.58517810386173	2.33460831971495e-08	6.49394650211909e-06	0.901859080985316	0.223378433037015	5.58517810386173	2.33460831971495e-08	6.49394650211909e-06
"Sh2d4a"	38.0864663605754	2.1259826424578	0.59038513994609	3.60100974535357	0.000316983693535157	0.0153747837486187	0.900951360619625	0.254750324891047	3.60100974535357	0.000316983693535157	0.0153747837486187
"Ccr7"	549.626086204047	1.08965004514007	0.236199205928887	4.61326718205873	3.96388224760976e-06	0.00043409192362013	0.898834098533929	0.194794376342588	4.61326718205873	3.96388224760976e-06	0.00043409192362013
"Gsta4"	75.2294379227466	3.7304070704456	0.828774147793017	4.50111418216831	6.75981779922201e-06	0.000681272072112897	0.88813834952342	0.233103759037133	4.50111418216831	6.75981779922201e-06	0.000681272072112897
"C3"	3729.26356814204	0.964075478996368	0.153049482255103	6.29910970485641	2.99360069516819e-10	1.38783328227997e-07	0.885261146421382	0.140528988007437	6.29910970485641	2.99360069516819e-10	1.38783328227997e-07
"Klrd1"	61.2439591675827	1.71677578208518	0.493535573355906	3.47852490229139	0.000504181590258639	0.0221903720168264	0.884641633396334	0.256172145768263	3.47852490229139	0.000504181590258639	0.0221903720168264
"Bahcc1"	201.503580957751	1.11969543279575	0.267051121985388	4.19281306317455	2.7551647445746e-05	0.00218964750100249	0.88069937012017	0.20987125046477	4.19281306317455	2.7551647445746e-05	0.00218964750100249
"Clec10a"	583.083485756571	0.961329737247811	0.159620181212336	6.02260773009018	1.71629057092562e-09	6.45139709741445e-07	0.876434283254221	0.145460480044226	6.02260773009018	1.71629057092562e-09	6.45139709741445e-07
"Ptpn3"	36.7718492786045	2.19997315114017	0.623692248319042	3.5273376526155	0.000419761091629626	0.0189612074151127	0.870596956318564	0.252807507666114	3.5273376526155	0.000419761091629626	0.0189612074151127
"Igkc"	411.582168381117	1.1472980237444	0.293185659966352	3.91321329930008	9.10760184355029e-05	0.00568020297937657	0.86421786032378	0.220891064066012	3.91321329930008	9.10760184355029e-05	0.00568020297937657
"Fabp4"	82.178054501183	3.07974414492036	0.766913786564671	4.01576317817395	5.92537341549596e-05	0.00391454035783037	0.862109640311234	0.238857334918656	4.01576317817395	5.92537341549596e-05	0.00391454035783037
"Cacnb3"	78.1977153941589	1.78296049624078	0.526391975577464	3.38713464293377	0.000706267171825577	0.0276697572556341	0.858050794607329	0.256445617953386	3.38713464293377	0.000706267171825577	0.0276697572556341
"AA467197"	487.533174879997	0.992475592512471	0.205633970664545	4.82641846240239	1.39010268253683e-06	0.000199314928955899	0.855008571856956	0.177078006379145	4.82641846240239	1.39010268253683e-06	0.000199314928955899
"Mamdc2"	351.845079422177	1.25370647744449	0.350581716456644	3.57607490235313	0.000348791754217522	0.0165562993776699	0.853165719079094	0.238863143250459	3.57607490235313	0.000348791754217522	0.0165562993776699
"Ffar4"	52.513742540588	1.65273194690934	0.494167473961901	3.34447739682026	0.000824377468482691	0.0309876806261007	0.852406437642281	0.256178434550263	3.34447739682026	0.000824377468482691	0.0309876806261007
"Ddr1"	103.72288662058	2.05110140108921	0.597860398281594	3.43073635080131	0.000601945333664714	0.0248650911405376	0.847158778916922	0.253791806074702	3.43073635080131	0.000601945333664714	0.0248650911405376
"Aqp9"	53.9555152691897	1.48289097640584	0.443924784718973	3.34041041962679	0.000836546633758879	0.0312132375752385	0.845406809806416	0.253456951186066	3.34041041962679	0.000836546633758879	0.0312132375752385
"Elapor1"	91.3080310134298	3.80816631553202	0.85733088387452	4.4418863091947	8.91736756723527e-06	0.000832367437081262	0.841431434791617	0.229090572343433	4.4418863091947	8.91736756723527e-06	0.000832367437081262
"Scn2b"	47.8464828768785	1.62748760227314	0.49414960718205	3.29351188105579	0.000989441598716277	0.0355585368344858	0.839447978570669	0.256168378659178	3.29351188105579	0.000989441598716277	0.0355585368344858
"Il12b"	101.216485867693	1.13588530210791	0.312035520455467	3.64024358653112	0.000272380238629519	0.0138257823316035	0.828848925072123	0.227357317672968	3.64024358653112	0.000272380238629519	0.0138257823316035
"St3gal5"	211.178887702542	1.02828098667137	0.252597861066861	4.07082222441777	4.68474914978922e-05	0.00334028639093758	0.8275871733495	0.203102248792392	4.07082222441777	4.68474914978922e-05	0.00334028639093758
"Bhlhe40"	5227.24340494689	0.911031538956465	0.168626407478745	5.40266232660682	6.56589924817956e-08	1.54777163972341e-05	0.822163935752282	0.152175132967747	5.40266232660682	6.56589924817956e-08	1.54777163972341e-05
"Cyp2s1"	187.563567659171	1.74145655896679	0.53472657948382	3.25672339057439	0.00112706205583757	0.0384505566617175	0.822031660795648	0.256295952879693	3.25672339057439	0.00112706205583757	0.0384505566617175
"F3"	177.967123059527	2.22882106143047	0.649149912483505	3.43344583210908	0.00059596127041292	0.0247421771609041	0.821132417386377	0.249814215329154	3.43344583210908	0.00059596127041292	0.0247421771609041
"Mast4"	179.336209653236	1.20100284260779	0.349280095408073	3.43850926061111	0.000584926530791152	0.0245623895276395	0.819602098866218	0.238452690184295	3.43850926061111	0.000584926530791152	0.0245623895276395
"C1ra"	255.891496867233	1.29679949779547	0.390588450139322	3.32011736991432	0.000899796100910763	0.0328461001875771	0.818673499743961	0.247137639631538	3.32011736991432	0.000899796100910763	0.0328461001875771
"Muc4"	69.6291906802398	3.38750238476686	0.835260576876263	4.0556234527859	5.00007548339321e-05	0.00347705249115164	0.813452435476442	0.231580737498029	4.0556234527859	5.00007548339321e-05	0.00347705249115164
"Siglecg"	212.435841419529	1.05436241953904	0.281445239023449	3.74624357902601	0.000179502305298246	0.0100261769561767	0.81014246354378	0.216142400763781	3.74624357902601	0.000179502305298246	0.0100261769561767
"Spint2"	137.898364487488	2.31135690991718	0.672901077541175	3.43491337294782	0.000592743276281746	0.0246822559476842	0.809474649697259	0.247748281219355	3.43491337294782	0.000592743276281746	0.0246822559476842
"Cgnl1"	193.177449628926	1.37430086213999	0.426511534306053	3.2221892061513	0.00127215097128444	0.0422269109991026	0.809152772790814	0.252071877138616	3.2221892061513	0.00127215097128444	0.0422269109991026
"Epcam"	90.2595204317217	1.82738132390918	0.567793360622997	3.21839149704767	0.00128911733197	0.0423945963553786	0.807084844081839	0.255343484190833	3.21839149704767	0.00128911733197	0.0423945963553786
"Mgst1"	205.150650322736	1.76595128668077	0.551083154881885	3.20450964802085	0.00135292755908574	0.0438613438036468	0.805702269027114	0.255879334191071	3.20450964802085	0.00135292755908574	0.0438613438036468
"Uck2"	610.650200672376	0.891408041017974	0.167772576891159	5.31319276091387	1.07720983987463e-07	2.30489760815021e-05	0.805274526174353	0.151504334163811	5.31319276091387	1.07720983987463e-07	2.30489760815021e-05
"Mfsd6"	484.515881316672	0.905013023808238	0.185980741844345	4.86616525363513	1.13784387883926e-06	0.000166580343862067	0.799824643417672	0.1643006364871	4.86616525363513	1.13784387883926e-06	0.000166580343862067
"Sdc1"	217.309733304466	1.82324496879887	0.572689473688497	3.18365371211727	0.00145428876248288	0.0462843206146725	0.79484884355791	0.255015157167346	3.18365371211727	0.00145428876248288	0.0462843206146725
"Foxq1"	40.0756855049046	4.52451426269889	0.992688415943947	4.55783928776537	5.16825591434174e-06	0.000544546236792916	0.794837389115416	0.220615608642204	4.55783928776537	5.16825591434174e-06	0.000544546236792916
"Spp1"	712.553048635222	0.887812134199747	0.176617696048118	5.02674507744609	4.9887481030112e-07	8.06784983914881e-05	0.793718424845518	0.157852361778048	5.02674507744609	4.9887481030112e-07	8.06784983914881e-05
"Chn2"	354.13335573848	0.889916292290153	0.178591294215034	4.98297689258381	6.26134303848172e-07	9.89576806581861e-05	0.793698743227968	0.159183896492397	4.98297689258381	6.26134303848172e-07	9.89576806581861e-05
"Htra1"	139.126010596234	1.97528364075129	0.61166108281137	3.22937603234837	0.00124060653996431	0.0413773519372268	0.793323945869838	0.252780595410292	3.22937603234837	0.00124060653996431	0.0413773519372268
"Gda"	1572.00497732519	0.847699482031911	0.134962829726789	6.28098479965147	3.36435038317487e-10	1.41792076149079e-07	0.792810792476851	0.126207532174675	6.28098479965147	3.36435038317487e-10	1.41792076149079e-07
"Inhba"	28.0821484544319	1.89546937093463	0.600253226462622	3.15778289457085	0.00158973905130028	0.0490423160814017	0.792257058423017	0.254237802645695	3.15778289457085	0.00158973905130028	0.0490423160814017
"Cadm3"	112.831946371518	1.1221390303965	0.330872986996023	3.39144951234712	0.000695239709586242	0.0275028650887473	0.79189789042572	0.233354174819797	3.39144951234712	0.000695239709586242	0.0275028650887473
"Pltp"	13131.2869230638	0.82159204637939	0.109815559273226	7.48156319392987	7.34437077851166e-14	6.38409429922126e-11	0.785588203331231	0.105001601548698	7.48156319392987	7.34437077851166e-14	6.38409429922126e-11
"Fpr2"	83.3908089214432	1.25094916257507	0.395902318792212	3.1597419444053	0.00157908931716562	0.0489130829023151	0.782859554970415	0.247812756919838	3.1597419444053	0.00157908931716562	0.0489130829023151
"Cd300lg"	162.666578499427	1.11726541087929	0.335105073582558	3.33407488861561	0.000855836121021329	0.0315728614619752	0.78250810025239	0.234673656384239	3.33407488861561	0.000855836121021329	0.0315728614619752
"Pdpn"	366.146866929652	1.07551601333384	0.314910359365287	3.41530845635432	0.000637098202095642	0.0257580284730994	0.780566603032706	0.228624920550167	3.41530845635432	0.000637098202095642	0.0257580284730994
"Ahnak2"	132.001637451142	1.0551538515751	0.304526164259658	3.46490376004413	0.00053042125883092	0.0229102449311194	0.779991525793244	0.224901465824232	3.46490376004413	0.00053042125883092	0.0229102449311194
"Ly6e"	13206.990634497	0.82655653359558	0.126284548615733	6.54519133699152	5.94192610467287e-11	3.93525277446621e-08	0.779321911133324	0.119066396611104	6.54519133699152	5.94192610467287e-11	3.93525277446621e-08
"Col4a5"	110.568123047481	2.06852439932552	0.642732305834507	3.21832959157048	0.00128939561822873	0.0423945963553786	0.778440332885857	0.250459771829925	3.21832959157048	0.00128939561822873	0.0423945963553786
"Gcnt2"	228.009242523129	1.06782176154312	0.314187747644878	3.39867410345379	0.000677133496979832	0.0271399788933588	0.776063595800068	0.228331320134419	3.39867410345379	0.000677133496979832	0.0271399788933588
"Tgm2"	6670.77297237912	0.896712959758828	0.203406258518782	4.40848264103942	1.040973621055e-05	0.000940120852054084	0.774817385432384	0.175764514578651	4.40848264103942	1.040973621055e-05	0.000940120852054084
"Tiam1"	828.841449545241	0.870828929600325	0.187883587043749	4.63493881132655	3.57043076436995e-06	0.000407029107138174	0.767775585842907	0.165621712021671	4.63493881132655	3.57043076436995e-06	0.000407029107138174
"Angptl2"	157.855202791481	1.10073585966072	0.338515042009974	3.25166011272339	0.00114733133224348	0.0388907112169119	0.76627298305256	0.235625872369186	3.25166011272339	0.00114733133224348	0.0388907112169119
"Ltbp3"	860.693480596223	0.892033261287801	0.209350100339401	4.26096409718279	2.03546933392833e-05	0.00169516811354942	0.764642788630614	0.179421890639633	4.26096409718279	2.03546933392833e-05	0.00169516811354942
"Aldh3a1"	43.5473475485632	5.66295831113965	1.14270807940901	4.95573490131305	7.2057407735533e-07	0.00011135271408731	0.761380173535307	0.213192824029251	4.95573490131305	7.2057407735533e-07	0.00011135271408731
"Anxa8"	60.7596299856938	3.40014726450421	0.87408450270461	3.88995257779243	0.000100263813511927	0.00617021733771629	0.757818327576656	0.227133236959046	3.88995257779243	0.000100263813511927	0.00617021733771629
"Kcnn4"	1336.94454132484	0.832353652641797	0.161018738672909	5.16929681291708	2.34976452033764e-07	4.47678423956929e-05	0.757691826862464	0.146555315558717	5.16929681291708	2.34976452033764e-07	4.47678423956929e-05
"Mmp19"	1203.40517873549	0.963214661086898	0.267143604632923	3.60560628958509	0.000311424989972207	0.0152371434857849	0.757476112937749	0.210122072382696	3.60560628958509	0.000311424989972207	0.0152371434857849
"Hmcn2"	24.9295500402164	3.26511875308462	0.888096394143068	3.67653643750593	0.000236422098897396	0.0124551460282765	0.755152269592699	0.229119525487476	3.67653643750593	0.000236422098897396	0.0124551460282765
"Plscr1"	487.626930342364	0.900741904845764	0.225644256317884	3.99186719637486	6.55550835192788e-05	0.00428046996049826	0.754694944700123	0.188994515809884	3.99186719637486	6.55550835192788e-05	0.00428046996049826
"Cd2"	167.001447078392	1.07904636303569	0.339898650023279	3.17461208793205	0.00150036930425251	0.04710414510958	0.74921470149516	0.236023207984864	3.17461208793205	0.00150036930425251	0.04710414510958
"Chst7"	474.51878003554	0.882891446864312	0.219644543892323	4.01963750712212	5.82877541578672e-05	0.00388200684439732	0.746058757630267	0.18554643997093	4.01963750712212	5.82877541578672e-05	0.00388200684439732
"Prrx1"	21.1730389734064	3.38582952746883	0.922468276908707	3.67040212896547	0.000242169182883139	0.0126619887050327	0.743671750967681	0.226814941648755	3.67040212896547	0.000242169182883139	0.0126619887050327
"Rhpn2"	26.8880469539164	2.80030884793198	0.825776855160215	3.39112053145238	0.000696074813865333	0.0275028650887473	0.734348817184776	0.234185746415856	3.39112053145238	0.000696074813865333	0.0275028650887473
"Adora2a"	107.157250851177	0.996350787840907	0.311737366594212	3.19612242422595	0.00139287997807117	0.044947041148524	0.72741205359033	0.227373362821348	3.19612242422595	0.00139287997807117	0.044947041148524
"Rasd1"	35.7083677380662	2.90529737600518	0.843092795819503	3.44599952746741	0.00056895135416854	0.0240515970631491	0.723104065588357	0.231304064255859	3.44599952746741	0.00056895135416854	0.0240515970631491
"Gfpt2"	45.7739923076082	2.45223170551077	0.762808354266774	3.21474154260923	0.00130562019216485	0.0426274373306333	0.722476909166149	0.239263535598949	3.21474154260923	0.00130562019216485	0.0426274373306333
"Olfm1"	1721.59337520964	0.753762729226413	0.115897445402803	6.5037044311607	7.83658003839117e-11	4.35964620695778e-08	0.717152088086806	0.110256756692984	6.5037044311607	7.83658003839117e-11	4.35964620695778e-08
"Wnt11"	361.346671825611	0.958164574206878	0.301557831569106	3.17738249151491	0.00148610899006506	0.046761999624038	0.711704334205601	0.224031430433191	3.17738249151491	0.00148610899006506	0.046761999624038
"Itgb4"	70.6194538500602	3.40942170170137	0.903645041940833	3.77296564852353	0.000161318506073173	0.0091576236019008	0.711510089763006	0.222945997179476	3.77296564852353	0.000161318506073173	0.0091576236019008
"Ppp1r12b"	1034.40558522234	0.753246047533667	0.124510149923648	6.04967585370005	1.45137560110904e-09	5.60714773895125e-07	0.71134158029197	0.117561659853802	6.04967585370005	1.45137560110904e-09	5.60714773895125e-07
"Map4k1"	400.359667577571	0.812329278480225	0.195346668464112	4.15839842505152	3.204866836453e-05	0.00243569879570428	0.709437201849354	0.170533920313437	4.15839842505152	3.204866836453e-05	0.00243569879570428
"Lif"	136.34212760546	0.937563966011455	0.29138826995359	3.2175762125249	0.00129278676081406	0.0424058449750047	0.708804267613858	0.220083976447126	3.2175762125249	0.00129278676081406	0.0424058449750047
"Galnt6"	354.452324193522	0.792466945520056	0.177415150067026	4.46673773474625	7.94213955788649e-06	0.000761788117041968	0.707796137954461	0.158381152407569	4.46673773474625	7.94213955788649e-06	0.000761788117041968
"Mt2"	984.75962524614	0.811218906031754	0.201114372166771	4.03361976218717	5.49241677016957e-05	0.00371425377884778	0.703125656640737	0.174292167670528	4.03361976218717	5.49241677016957e-05	0.00371425377884778
"X4930523C07Rik"	632.494527579996	0.78977487782225	0.183130009165954	4.31264587065328	1.61312384408303e-05	0.00137640039408017	0.700486426999787	0.162386737388099	4.31264587065328	1.61312384408303e-05	0.00137640039408017
"Ltb4r1"	136.19903808936	0.880692065462225	0.261931201718317	3.3623030005006	0.000772952568820658	0.0296967522849661	0.698522775066023	0.207537549498659	3.3623030005006	0.000772952568820658	0.0296967522849661
"Ikbke"	214.831553863745	0.844385808150264	0.240437427885444	3.51187340330628	0.000444959900324995	0.0199629106249033	0.692269268431292	0.196993521780386	3.51187340330628	0.000444959900324995	0.0199629106249033
"Adh7"	37.1086423167211	5.40324841090549	1.17627124314537	4.59353949388161	4.3579049752724e-06	0.000466228787662219	0.688069084809889	0.207671860653164	4.59353949388161	4.3579049752724e-06	0.000466228787662219
"X2310022A10Rik"	786.544369684532	0.750241574430933	0.154408950789639	4.85879588323239	1.18101812136367e-06	0.000171100000332561	0.687924070380095	0.141550964625958	4.85879588323239	1.18101812136367e-06	0.000171100000332561
"Kcnk2"	17.5914164757068	3.0782283645942	0.922647597218546	3.33629911774979	0.000849017616025125	0.0314046196906315	0.687084154248761	0.226000616827579	3.33629911774979	0.000849017616025125	0.0314046196906315
"Ndrg4"	23.5910196755885	3.41845994607609	0.960782195158523	3.5579967689889	0.000373693909222324	0.0173244496315469	0.686055673624858	0.221057718192353	3.5579967689889	0.000373693909222324	0.0173244496315469
"Perp"	60.6835135416663	2.86259203579411	0.854662779462638	3.34938189023973	0.000809920783427738	0.0306097235215027	0.684282680636703	0.228313060790078	3.34938189023973	0.000809920783427738	0.0306097235215027
"Tst"	64.6426516437567	2.98018550222175	0.871161141706602	3.42093484149623	0.000624062819742276	0.0253785546695192	0.683874673818893	0.226335709917399	3.42093484149623	0.000624062819742276	0.0253785546695192
"Rai14"	490.715431631701	0.767832136047024	0.184558287474895	4.16037744255439	3.17722077454593e-05	0.00242795530397719	0.679832121577518	0.163354391266228	4.16037744255439	3.17722077454593e-05	0.00242795530397719
"Id3"	1087.46950316508	0.750277290005323	0.168048200384081	4.46465530895621	8.01977572384075e-06	0.000763966032651898	0.677570020312174	0.15173966535189	4.46465530895621	8.01977572384075e-06	0.000763966032651898
"Sult1d1"	27.9582960577992	6.35282761362695	1.43385044901893	4.43060684464946	9.39682741764892e-06	0.000871273838164408	0.675608388204028	0.20442155836447	4.43060684464946	9.39682741764892e-06	0.000871273838164408
"Rhobtb1"	360.152138102789	0.78625900510039	0.211484732142393	3.71780504973286	0.000200961252263316	0.010917848033118	0.672015946905244	0.180687770753945	3.71780504973286	0.000200961252263316	0.010917848033118
"Cd300lf"	582.575085161689	0.748206662666319	0.180359895269734	4.14840927661524	3.34793472305025e-05	0.0025306019634882	0.665852801655645	0.1604754687872	4.14840927661524	3.34793472305025e-05	0.0025306019634882
"Lgr6"	43.0580567007748	5.64618363890248	1.21478507053056	4.64788691915392	3.35352658781493e-06	0.000398639724643847	0.648694426235273	0.203000808201787	4.64788691915392	3.35352658781493e-06	0.000398639724643847
"Tspan1"	55.0751007705254	4.00226653738882	1.02070395770321	3.9210845683353	8.81513170941964e-05	0.00557276599157311	0.64759838879329	0.210945408998928	3.9210845683353	8.81513170941964e-05	0.00557276599157311
"Id4"	27.7131619168714	3.95011435227303	1.0600308592266	3.72641448868292	0.000194222921644147	0.0106348519457748	0.637062002320057	0.210622781067347	3.72641448868292	0.000194222921644147	0.0106348519457748
"Ass1"	370.408102675624	0.712646215690175	0.184493217729077	3.86272310961953	0.000112130077564947	0.00683993473146176	0.630992557228659	0.163301317070808	3.86272310961953	0.000112130077564947	0.00683993473146176
"Gabrp"	59.8406834797112	4.23287695947406	1.05959550099245	3.99480457920916	6.4747636199009e-05	0.00424768926535763	0.623161822423698	0.206595676541405	3.99480457920916	6.4747636199009e-05	0.00424768926535763
"Fam20c"	547.221807548215	0.718876046921993	0.20646350760564	3.48185524531095	0.000497952795265253	0.0219858015128544	0.618654695913367	0.177640772593321	3.48185524531095	0.000497952795265253	0.0219858015128544
"Crybg1"	1050.08953366599	0.710925436642875	0.201073604609257	3.53564774463762	0.000406776709297571	0.01848840023827	0.616194135263239	0.174274019618013	3.53564774463762	0.000406776709297571	0.01848840023827
"Echdc2"	25.101508158741	3.05388773773873	0.960533719155188	3.17936546821563	0.00147597865960502	0.046693626358852	0.613858029435495	0.218467139583153	3.17936546821563	0.00147597865960502	0.046693626358852
"Ptprz1"	24.612070608993	5.55107866622491	1.33300700891796	4.16432819114049	3.12270667803218e-05	0.00242629075296489	0.611560492454465	0.19983278990103	4.16432819114049	3.12270667803218e-05	0.00242629075296489
"Lgals1"	2981.77638601153	0.657366303633359	0.142800388913794	4.60339295035252	4.15662895342933e-06	0.00044814260065345	0.610087010497689	0.132524329871134	4.60339295035252	4.15662895342933e-06	0.00044814260065345
"Aqp3"	38.8541919910421	4.6293687406748	1.13624812724572	4.07425863213208	4.6161159988606e-05	0.00332647364311675	0.609707439328396	0.202888883428895	4.07425863213208	4.6161159988606e-05	0.00332647364311675
"Pcdhgc4"	60.2205412001225	4.30406581694223	1.08566004098307	3.96446922099561	7.3559436724599e-05	0.00471458362196186	0.600059828565386	0.203630714384561	3.96446922099561	7.3559436724599e-05	0.00471458362196186
"Ckmt1"	23.9825681268048	5.53964071978718	1.35051888859986	4.10186097103045	4.09840515239126e-05	0.00306454940104611	0.594073266761366	0.197886286887453	4.10186097103045	4.09840515239126e-05	0.00306454940104611
"Dynlrb2"	25.1964114971034	4.15922674836409	1.13111493658961	3.67710354962197	0.000235897298244734	0.0124551460282765	0.593819466468872	0.204277870846834	3.67710354962197	0.000235897298244734	0.0124551460282765
"Itpr1"	584.138726679669	0.666805886297522	0.182609085875269	3.65154824088537	0.000260664121757537	0.0134270985385327	0.591821139681656	0.16203824794597	3.65154824088537	0.000260664121757537	0.0134270985385327
"Xdh"	2337.06883278724	0.614394153486231	0.117875108515857	5.21224676882128	1.86567145423356e-07	3.65461388527892e-05	0.583577724567778	0.111957300314932	5.21224676882128	1.86567145423356e-07	3.65461388527892e-05
"Rnd3"	1637.5282822765	0.61921987534089	0.129659335796622	4.77574461982568	1.79043496005279e-06	0.000241760868198196	0.582029232534474	0.121864124886919	4.77574461982568	1.79043496005279e-06	0.000241760868198196
"Fscn1"	393.130696505767	0.655407155087133	0.187140484004679	3.50222004914097	0.000461398379304921	0.0205020084963989	0.578438523401521	0.165111298551434	3.50222004914097	0.000461398379304921	0.0205020084963989
"Itgb7"	681.49139633408	0.629938796342914	0.156722951650274	4.01944188588675	5.83361684267356e-05	0.00388200684439732	0.576165501642253	0.143318337496131	4.01944188588675	5.83361684267356e-05	0.00388200684439732
"Mapk15"	22.4856857843121	3.79469880647392	1.10889472005411	3.42205507686856	0.000621497227295374	0.0253483385255838	0.574307549152074	0.205107124455496	3.42205507686856	0.000621497227295374	0.0253483385255838
"Ighv1.82"	32.4565379263556	6.57710500241887	1.51117027545945	4.35232555141357	1.34701043638735e-05	0.00118571019932122	0.570736375910836	0.192971222427311	4.35232555141357	1.34701043638735e-05	0.00118571019932122
"Tnfsf9"	1558.8737982696	0.598460739343669	0.116284834952857	5.14650719146903	2.65381295086863e-07	4.7934065611274e-05	0.569210446775902	0.110592885448268	5.14650719146903	2.65381295086863e-07	4.7934065611274e-05
"Tff2"	16.1692375249522	7.43851777751904	1.6220118307304	4.58598244266163	4.51856574845971e-06	0.000479726812439524	0.562997794147754	0.19065446381626	4.58598244266163	4.51856574845971e-06	0.000479726812439524
"Nufip1"	292.715634629812	0.646392423059784	0.197959237196322	3.26528042951962	0.00109355752081793	0.0380229949988394	0.562594402051996	0.172236271375936	3.26528042951962	0.00109355752081793	0.0380229949988394
"Igf2"	47.1874567053905	3.28389338835051	1.02693470642921	3.19776259171243	0.00138498250674654	0.0447961318693741	0.556658537822526	0.208255264346877	3.19776259171243	0.00138498250674654	0.0447961318693741
"Ppp1r1b"	14.1375613262233	5.36080701884073	1.48434884788396	3.61155467360852	0.000304366898438315	0.0149580735812017	0.555766320536861	0.194441123133524	3.61155467360852	0.000304366898438315	0.0149580735812017
"Nr4a2"	2062.90721311065	0.58519902164073	0.121752392192174	4.80646836669173	1.5361977641405e-06	0.000214343923942767	0.553988772833989	0.115253266513058	4.80646836669173	1.5361977641405e-06	0.000214343923942767
"H2ax"	292.610635725394	0.631283805999975	0.193422995706096	3.26374743445295	0.00109949130794432	0.0381339778326424	0.55268159527419	0.169284868987993	3.26374743445295	0.00109949130794432	0.0381339778326424
"Plp2"	1735.37620072582	0.582723939504954	0.122082405489658	4.77320165152151	1.81320077892509e-06	0.000242480734935482	0.551491101984159	0.115531075828439	4.77320165152151	1.81320077892509e-06	0.000242480734935482
"Clec12a"	5725.42561577562	0.565386552423733	0.0891616198433156	6.34114267346523	2.28067206879048e-10	1.13284239759778e-07	0.548805744915592	0.0865452630525395	6.34114267346523	2.28067206879048e-10	1.13284239759778e-07
"Napsa"	1251.40359524506	0.606783129826104	0.167246126458146	3.62808480337482	0.000285531480892711	0.0142335908109528	0.548484410424423	0.151164122358838	3.62808480337482	0.000285531480892711	0.0142335908109528
"Slc16a11"	36.260199130701	3.55105359587162	1.08006407127777	3.28781753814896	0.00100967254242766	0.0360990378408325	0.545161599506356	0.203718770915372	3.28781753814896	0.00100967254242766	0.0360990378408325
"Cxcl13"	2178.63722177067	0.579011442869388	0.132264667840619	4.37767283071475	1.19953232496445e-05	0.00106942920356446	0.542911247694831	0.124013745581004	4.37767283071475	1.19953232496445e-05	0.00106942920356446
"Adam8"	1275.43341771071	0.593822036407221	0.15792209922147	3.76022126944023	0.000169763132756774	0.00955897024445833	0.542407814290379	0.144239187111092	3.76022126944023	0.000169763132756774	0.00955897024445833
"Olfm2"	50.4771946595274	4.36683743161804	1.15654652802133	3.77575594739714	0.000159523125137192	0.00913023713748177	0.54139783306986	0.196357318454673	3.77575594739714	0.000159523125137192	0.00913023713748177
"Fcgbp"	19.5406683827647	7.71102659777558	1.64536056482132	4.68652693071744	2.77880268913242e-06	0.000342016592783983	0.540170843350516	0.18775734911573	4.68652693071744	2.77880268913242e-06	0.000342016592783983
"Lmnb1"	983.34106733866	0.585787196974853	0.15032169429326	3.89689059672285	9.74356069901861e-05	0.00604970724115852	0.539464214167264	0.138419573022613	3.89689059672285	9.74356069901861e-05	0.00604970724115852
"Emb"	1707.55728364381	0.577415683305291	0.141596378216308	4.07789867635744	4.54445619560694e-05	0.00330912548526185	0.536526193586605	0.131563743681232	4.07789867635744	4.54445619560694e-05	0.00330912548526185
"Clic6"	38.5032405927184	3.64626292651719	1.1031008579467	3.30546649497157	0.000948184398353488	0.0344317196143611	0.531855101344551	0.201004186756751	3.30546649497157	0.000948184398353488	0.0344317196143611
"Ackr1"	22.7253786044631	6.03215149062745	1.52573202150616	3.95361138496175	7.69804027695595e-05	0.00491120844825245	0.529606341142452	0.189211801054199	3.95361138496175	7.69804027695595e-05	0.00491120844825245
"Naalad2"	14.0881369182317	4.75875493257881	1.37095888927437	3.4711142469761	0.000518303431186011	0.0224565860465266	0.529002912000842	0.193395305060408	3.4711142469761	0.000518303431186011	0.0224565860465266
"Nfil3"	1523.77853447893	0.586979141832448	0.174636833639502	3.36114168815116	0.00077620996007531	0.0297150928994717	0.526001554140158	0.156489143663345	3.36114168815116	0.00077620996007531	0.0297150928994717
"Upk3b"	27.6312178151102	5.76149800622662	1.41955029857272	4.05867830961644	4.9351242836276e-05	0.0034665509361966	0.525725396129214	0.189096902767286	4.05867830961644	4.9351242836276e-05	0.0034665509361966
"Mpp6"	600.823477492529	0.575712354489453	0.160436100996424	3.58842150185566	0.000332686127918904	0.015900339062186	0.524400358764647	0.146117237675975	3.58842150185566	0.000332686127918904	0.015900339062186
"Inf2"	802.686789998497	0.582532558208034	0.175019384908833	3.32838878682765	0.000873498725528806	0.0320544070571362	0.521784030557315	0.156752041942548	3.32838878682765	0.000873498725528806	0.0320544070571362
"Anxa2"	5615.52136488612	0.585846844033418	0.182238266531716	3.21473011779038	0.00130567215292276	0.0426274373306333	0.520186162920818	0.161812928288344	3.21473011779038	0.00130567215292276	0.0426274373306333
"Tmsb10"	4754.37597524018	0.559056131310555	0.146082814464782	3.82698083521201	0.000129724610551023	0.00774339005812717	0.517117561703542	0.135121803169806	3.82698083521201	0.000129724610551023	0.00774339005812717
"Mgat3"	41.8346564420902	4.31924895004668	1.18836900752439	3.63460248685258	0.000278409569238048	0.0140294213368216	0.516955993861688	0.193596501553256	3.63460248685258	0.000278409569238048	0.0140294213368216
"Tspan3"	691.477112017341	0.550705926289425	0.136181732870479	4.04390452876082	5.25683322954156e-05	0.00360157815549084	0.514450789868902	0.127197725440007	4.04390452876082	5.25683322954156e-05	0.00360157815549084
"Adamtsl1"	17.0300520487649	3.74019543386868	1.18342441147323	3.16048528119557	0.00157506562851099	0.0488973499136848	0.514129190749739	0.198232974473934	3.16048528119557	0.00157506562851099	0.0488973499136848
"Bpifb1"	429.424567618803	5.89540844365055	1.2088695171385	4.87679469129598	1.07823557184152e-06	0.000161248390679268	0.511315926738362	0.186534641810537	4.87679469129598	1.07823557184152e-06	0.000161248390679268
"Il17ra"	1675.32132668378	0.543205390588073	0.14520838197662	3.74086800771277	0.000183385815617023	0.0101614737992094	0.502903894786015	0.1344288995936	3.74086800771277	0.000183385815617023	0.0101614737992094
"Mal"	28.8369739228018	3.87096282063048	1.17913647890079	3.28287936968844	0.00102752624923192	0.0364562119242794	0.499926559893031	0.194782493912153	3.28287936968844	0.00102752624923192	0.0364562119242794
"Slc2a6"	657.419090933734	0.546673462047309	0.161358876963871	3.3879354661703	0.000704208312099337	0.0276670316516316	0.497452223103901	0.146811057759761	3.3879354661703	0.000704208312099337	0.0276670316516316
"Nectin1"	1011.91217365138	0.543419347324043	0.157207239094285	3.45670689501853	0.000546819263593228	0.023400499440168	0.4967649346489	0.143697793206093	3.45670689501853	0.000546819263593228	0.023400499440168
"Sgk1"	3640.21500886435	0.525473324405577	0.130285804856774	4.03323543177433	5.50141126288929e-05	0.00371425377884778	0.493627116147772	0.122387829982119	4.03323543177433	5.50141126288929e-05	0.00371425377884778
"Igfbp4"	3246.48994774549	0.543484310026301	0.166751619445345	3.2592445688627	0.00111709322774572	0.0383986557905257	0.491543935679696	0.150811120316345	3.2592445688627	0.00111709322774572	0.0383986557905257
"Fcrls"	5338.63471308573	0.495051841618541	0.0958190533014286	5.16652820667307	2.384822269817e-07	4.48217677413713e-05	0.478361932864327	0.0925870598077067	5.16652820667307	2.384822269817e-07	4.48217677413713e-05
"Cox5a"	921.734725245556	0.515134076402522	0.14537299356442	3.54353352553236	0.000394803110609464	0.018062242310383	0.476837235920317	0.13455382950821	3.54353352553236	0.000394803110609464	0.018062242310383
"Fbxl2"	8.91992054691228	5.59115600789945	1.65252673529337	3.38339821588839	0.000715947399598334	0.0279702147011619	0.47487290033986	0.18346321435115	3.38339821588839	0.000715947399598334	0.0279702147011619
"Ccnd1"	3400.83582999776	0.499565504461502	0.133785108652869	3.73408901403011	0.000188395859205756	0.0103565597226627	0.467747182530232	0.125261889669277	3.73408901403011	0.000188395859205756	0.0103565597226627
"Nrp2"	2513.6421179996	0.497750731876643	0.135555787036236	3.67192535825553	0.000240729999107268	0.0126342370852222	0.465254692507077	0.126703772163262	3.67192535825553	0.000240729999107268	0.0126342370852222
"S100a14"	11.7858188354544	6.00067707652456	1.6832705343604	3.56489165231225	0.000364006527104637	0.017161365352445	0.462779800286611	0.180562922937752	3.56489165231225	0.000364006527104637	0.017161365352445
"Akt3"	905.864405333681	0.499335077401516	0.147026890628025	3.39621599333705	0.000683244206932352	0.0273062081322274	0.46141916768066	0.135854101188999	3.39621599333705	0.000683244206932352	0.0273062081322274
"AB124611"	1082.08352958979	0.490007721785219	0.131202173158905	3.73475309125976	0.000187899444182435	0.0103565597226627	0.459915186684993	0.123137393370844	3.73475309125976	0.000187899444182435	0.0103565597226627
"Pim3"	1631.49919086668	0.492156088634154	0.135931030226815	3.62063090239912	0.000293885515549144	0.0145272003742685	0.459869446125345	0.127006541076385	3.62063090239912	0.000293885515549144	0.0145272003742685
"Kcnk1"	16.4221716652861	4.98769031210708	1.47022164120466	3.39247510193109	0.000692642265568701	0.0275028650887473	0.449080715916813	0.181226200884384	3.39247510193109	0.000692642265568701	0.0275028650887473
"Zfand2a"	1308.03820418502	0.478429683125824	0.14266307662211	3.35356347594482	0.000797781128771785	0.0302330788527466	0.44408834035207	0.132413747670337	3.35356347594482	0.000797781128771785	0.0302330788527466
"Cyp2f2"	1852.09324941507	4.78490990937451	1.24675948110629	3.83787729861795	0.000124102463424755	0.0074719353303528	0.443838573273022	0.180697117925935	3.83787729861795	0.000124102463424755	0.0074719353303528
"Scgb3a2"	744.161891584628	6.16136286174097	1.31591354834329	4.68219425926424	2.83820319900185e-06	0.000346260790278226	0.430296057714875	0.174804990462797	4.68219425926424	2.83820319900185e-06	0.000346260790278226
"Itprid1"	13.0652899032416	7.13086499619638	1.74260418788909	4.09207383165674	4.27532475089302e-05	0.00316283067209681	0.429856454458742	0.173072824269237	4.09207383165674	4.27532475089302e-05	0.00316283067209681
"A2ml1"	16.8991312559211	7.50093708241805	1.75146016396525	4.28267638439243	1.84658645540702e-05	0.00154712797721692	0.42871204636093	0.17273026696305	4.28267638439243	1.84658645540702e-05	0.00154712797721692
"Lrrc26"	14.7335064864538	7.30424637918996	1.75367120703087	4.16511735489844	3.11192449319506e-05	0.00242629075296489	0.42383441942848	0.172068723477777	4.16511735489844	3.11192449319506e-05	0.00242629075296489
"Plch2"	16.3796708155343	7.45667691465571	1.76664369543716	4.2208153992311	2.43420217332985e-05	0.00195692970096367	0.415752019095476	0.17075448039888	4.2208153992311	2.43420217332985e-05	0.00195692970096367
"Ighg2c"	16.5403990094385	7.46444126404864	1.77835034566928	4.19739635793722	2.70001153205443e-05	0.00215814714872489	0.406666922094495	0.169323075019489	4.19739635793722	2.70001153205443e-05	0.00215814714872489
"Hcn2"	7.63201226116891	6.35296936013859	1.75370435179603	3.62259998592824	0.000291656667478193	0.0144870033260239	0.403154007188976	0.169364384167735	3.62259998592824	0.000291656667478193	0.0144870033260239
"Traf1"	3005.04226143315	0.42984809820363	0.131997257212863	3.25649265204385	0.00112797850006581	0.0384505566617175	0.403152012170128	0.123797651435357	3.25649265204385	0.00112797850006581	0.0384505566617175
"Scgb3a1"	523.190252967985	4.85047239953923	1.3329580032925	3.63887863500441	0.000273827801341604	0.0138487165856692	0.39393799578491	0.172584619239002	3.63887863500441	0.000273827801341604	0.0138487165856692
"Pigr"	98.3465218567547	5.99332709079131	1.44012191518825	4.1616803602408	3.15914340904461e-05	0.00242795530397719	0.392349915269269	0.169211082273142	4.1616803602408	3.15914340904461e-05	0.00242795530397719
"Plec"	7050.77624708446	0.41090459452286	0.12596978570612	3.26192977323527	0.00110656553371866	0.038283864285968	0.387534098131034	0.118804390559419	3.26192977323527	0.00110656553371866	0.038283864285968
"Plod1"	1779.1411700573	0.402237325231304	0.124266290605149	3.23689814246889	0.00120836533797079	0.0404962533024041	0.379943857030523	0.117374525488302	3.23689814246889	0.00120836533797079	0.0404962533024041
"Clca1"	16.8970571052016	7.50145362907009	1.84881048231801	4.05744866811057	4.96117168779755e-05	0.00346733546903961	0.358737342650075	0.16127097726765	4.05744866811057	4.96117168779755e-05	0.00346733546903961
"Calml3"	13.4967222789649	6.1987865511617	1.82927563755351	3.38865637518248	0.000702359677737175	0.0276670316516316	0.356381621064491	0.162925595542375	3.38865637518248	0.000702359677737175	0.0276670316516316
"Fam110c"	13.3095057962547	7.15757329359896	1.8574351024363	3.8534715340583	0.000116454808120864	0.00707272258229247	0.34980396605656	0.159774503684288	3.8534715340583	0.000116454808120864	0.00707272258229247
"Mt1"	4745.05214578158	0.359286432464553	0.113036005263534	3.17851317929104	0.00148032488130786	0.046693626358852	0.34264905446044	0.107800521496115	3.17851317929104	0.00148032488130786	0.046693626358852
"Erp29"	3460.36906464597	0.348273186084222	0.105616956467596	3.29751204477355	0.000975454907622355	0.0352168539475237	0.334109875519847	0.101320496128338	3.29751204477355	0.000975454907622355	0.0352168539475237
"Vtcn1"	7.1529269916644	6.26189957016436	1.86487300396492	3.35781554928989	0.000785610174528548	0.0298531866320848	0.332012187758258	0.156846375005148	3.35781554928989	0.000785610174528548	0.0298531866320848
"Apol9a"	6.91738486237108	6.21294637962514	1.89543686011294	3.27784402127482	0.00104603179639077	0.0366453658040372	0.315568195509992	0.153658318877343	3.27784402127482	0.00104603179639077	0.0366453658040372
"Bpifa1"	4291.56741092885	7.90866736397701	1.55056362585763	5.10051134444913	3.38737075932867e-07	5.74531128301745e-05	0.315099987623731	0.153464073225099	5.10051134444913	3.38737075932867e-07	5.74531128301745e-05
"Cyp4a12b"	10.3468480995634	6.79378144738916	1.91639850557258	3.54507761701646	0.000392497490231087	0.0180160234129834	0.313768103556767	0.153056535218987	3.54507761701646	0.000392497490231087	0.0180160234129834
"Stc2"	6.31344474283866	6.08281067599713	1.92938055623222	3.15272726075146	0.00161752858295373	0.0496613411296257	0.297606810100304	0.150054847966733	3.15272726075146	0.00161752858295373	0.0496613411296257
"Cyp2a5"	207.154648188813	8.23572795951965	1.74733090912353	4.71331899213684	2.43714218476286e-06	0.000313849754682239	0.295898195209207	0.149509431393646	4.71331899213684	2.43714218476286e-06	0.000313849754682239
"Ccl9"	7581.87763927562	0.279507897881296	0.0877921967389344	3.18374420806967	0.00145383421630037	0.0462843206146725	0.271553514882738	0.0852935595030194	3.18374420806967	0.00145383421630037	0.0462843206146725
"Reg3g"	222.951429673051	6.44672446582822	1.69523796261521	3.80284338128141	0.000143044794287041	0.00839437552297117	0.269518510253596	0.145047317140514	3.80284338128141	0.000143044794287041	0.00839437552297117
"Fmo3"	65.850128197181	7.00715331820544	1.97333102393241	3.55092644529642	0.000383877684180726	0.0177374446232078	0.23154246860569	0.135606022830821	3.55092644529642	0.000383877684180726	0.0177374446232078
"Ltf"	1436.86370802441	7.55080288185158	1.85018590045073	4.08110497437696	4.48221044636417e-05	0.00329833771894354	0.221994611561911	0.132827721017298	4.08110497437696	4.48221044636417e-05	0.00329833771894354
"Ighg3"	120.705336446612	8.50217211224604	2.47899602555464	3.42968363990976	0.000604285361338921	0.0248650911405376	0.148164405921005	0.110875045277895	3.42968363990976	0.000604285361338921	0.0248650911405376
"Krt5"	52.549170333185	9.13480720184732	2.79540055256098	3.26779902560961	0.00108387301543144	0.0377807165378958	0.117722663529835	0.0995642920784488	3.26779902560961	0.00108387301543144	0.0377807165378958
"Krt15"	142.248309721357	10.5712282311737	3.01109764375859	3.51075570501203	0.000446834829795935	0.0199825685299095	0.0987642360888749	0.0917666446748927	3.51075570501203	0.000446834829795935	0.0199825685299095
"Man2b1"	15975.2729796824	-0.317904294987349	0.092799285857243	-3.42571919655065	0.000613173946753695	0.0251161873384081	-0.307829717283798	0.0898583473443144	-3.42571919655065	0.000613173946753695	0.0251161873384081
"F11r"	4148.84193055128	-0.336813196079986	0.0946023462390677	-3.56030489168665	0.000370424452899756	0.0173244496315469	-0.325733910267115	0.0914900355559759	-3.56030489168665	0.000370424452899756	0.0173244496315469
"Dnase1l1"	2281.5065250069	-0.343685659957703	0.106716245335999	-3.2205561475256	0.0012794212797513	0.0422664873130192	-0.329427378855957	0.102287982167209	-3.2205561475256	0.0012794212797513	0.0422664873130192
"Ifi207"	10508.9967220618	-0.344043549988181	0.0958716286743552	-3.58858564045871	0.00033247678028066	0.015900339062186	-0.332431181190044	0.0926356127680883	-3.58858564045871	0.00033247678028066	0.015900339062186
"Sun2"	4869.87412582318	-0.350987543001346	0.11020596952918	-3.18483240518484	0.0014483786268438	0.0462843206146725	-0.335501516524351	0.10534310322347	-3.18483240518484	0.0014483786268438	0.0462843206146725
"Fosb"	126709.742671058	-0.356343988062574	0.0920561715269395	-3.87094077617917	0.000108416131865258	0.00664251789419384	-0.345226014766069	0.0891839764630845	-3.87094077617917	0.000108416131865258	0.00664251789419384
"Itgb5"	10910.0418640274	-0.359101750746481	0.102190853347488	-3.51403025792728	0.000441362534692302	0.019865599134306	-0.345394086405824	0.0982897966973988	-3.51403025792728	0.000441362534692302	0.019865599134306
"Cd300c2"	3667.72912260727	-0.358448375427673	0.0976958824275368	-3.66902234281513	0.0002434798018138	0.0126828355191998	-0.345901302451789	0.0942754935686168	-3.66902234281513	0.0002434798018138	0.0126828355191998
"Pde1b"	2021.91441091017	-0.362608456897909	0.108659084303105	-3.33712049225826	0.000846512407592764	0.0313954521728005	-0.347037710074843	0.103991347646878	-3.33712049225826	0.000846512407592764	0.0313954521728005
"Ptafr"	8972.92348649862	-0.366955332214598	0.113069831902592	-3.24538673172102	0.00117291215150152	0.0394030487997177	-0.349951973597359	0.107830388186193	-3.24538673172102	0.00117291215150152	0.0394030487997177
"Olfml3"	3906.9369763039	-0.367956994439497	0.101288032953957	-3.63277855940553	0.000280385627972932	0.0140779903026987	-0.354150040066225	0.097486354841027	-3.63277855940553	0.000280385627972932	0.0140779903026987
"Cd81"	9430.13742106269	-0.365335548466603	0.0890581944081771	-4.1022114909738	4.09219959093705e-05	0.00306454940104611	-0.354645578576299	0.0864520839648211	-4.1022114909738	4.09219959093705e-05	0.00306454940104611
"Cmtm6"	4517.75006659084	-0.37286973213475	0.11477467916553	-3.24871073346231	0.00115929302745663	0.0390398242757064	-0.355090721270499	0.109301954747153	-3.24871073346231	0.00115929302745663	0.0390398242757064
"Hpgd"	3130.79755581408	-0.371577991379928	0.109086202986545	-3.40627853208677	0.000658549559027457	0.0265481370056634	-0.355500396172205	0.1043653557658	-3.40627853208677	0.000658549559027457	0.0265481370056634
"Pim1"	13891.9027699391	-0.371525464770992	0.0948669038774711	-3.9162811221377	8.99253824520218e-05	0.00563865128597254	-0.35923855794523	0.0917293770463198	-3.9162811221377	8.99253824520218e-05	0.00563865128597254
"Rela"	4620.39323930677	-0.37864652127881	0.115413087320742	-3.28079362634603	0.00103515455375248	0.0365404302882982	-0.360403481106194	0.109851492573385	-3.28079362634603	0.00103515455375248	0.0365404302882982
"Runx1"	5716.23070279782	-0.38065500298546	0.106983904019748	-3.55805863015801	0.000373605932167565	0.0173244496315469	-0.364786908433697	0.102523823216528	-3.55805863015801	0.000373605932167565	0.0173244496315469
"Sec14l1"	4428.83353513337	-0.386885585864544	0.115209352593915	-3.35810919125829	0.000784776060970476	0.0298531866320848	-0.368306828488809	0.109676138527132	-3.35810919125829	0.000784776060970476	0.0298531866320848
"Psap"	126479.106555584	-0.38569698623657	0.104886003002157	-3.67729701959029	0.000235718513010405	0.0124551460282765	-0.370218975892485	0.100676934348201	-3.67729701959029	0.000235718513010405	0.0124551460282765
"H2.Ab1"	197685.42774893	-0.389924824286796	0.117239701876448	-3.3258769686886	0.000881408243411083	0.0322595417088457	-0.37056776937714	0.111419601140624	-3.3258769686886	0.000881408243411083	0.0322595417088457
"Fcgr3"	9091.77504681686	-0.391719095849396	0.120197126793883	-3.25897220922032	0.00111816620615206	0.0383986557905257	-0.371330568115938	0.11394082209003	-3.25897220922032	0.00111816620615206	0.0383986557905257
"Rxra"	1418.40144885579	-0.393501445948242	0.122583141167911	-3.2100780107212	0.00132698953168438	0.0432219447462914	-0.372245535555565	0.115958076321832	-3.2100780107212	0.00132698953168438	0.0432219447462914
"Abhd12"	6081.96963222455	-0.382638474721817	0.0821772076166935	-4.65626036487626	3.22004675546573e-06	0.000386072502370839	-0.37306411883251	0.0801205080385754	-4.65626036487626	3.22004675546573e-06	0.000386072502370839
"Ccnd2"	2237.68706835401	-0.398155621629208	0.102304164626647	-3.89188087388481	9.94700848466252e-05	0.00614857751131939	-0.382925460668461	0.0983889724490617	-3.89188087388481	9.94700848466252e-05	0.00614857751131939
"Rhob"	10047.4047955805	-0.408901196194648	0.128161047655395	-3.19052632352164	0.001420139031488	0.0455098932026154	-0.384876740315778	0.120630687618602	-3.19052632352164	0.001420139031488	0.0455098932026154
"Cd74"	625195.592120848	-0.405232459478485	0.116062007235289	-3.49151689800582	0.000480286083820779	0.0212733084515267	-0.385498046576434	0.110409946223487	-3.49151689800582	0.000480286083820779	0.0212733084515267
"Klf6"	24576.5339115272	-0.417134563013702	0.132215809320198	-3.15495223421802	0.00160524383872708	0.0493932108606555	-0.39114839800461	0.12397926854388	-3.15495223421802	0.00160524383872708	0.0493932108606555
"Dtx4"	1814.95028367971	-0.417970645948073	0.125132550078837	-3.34022319280428	0.000837110843799536	0.0312132375752385	-0.394494164136884	0.118101949351405	-3.34022319280428	0.000837110843799536	0.0312132375752385
"Gab2"	3000.63837156254	-0.414746899442625	0.113131750715424	-3.66605216325074	0.000246323701280963	0.012783097154536	-0.395506391081201	0.107882835294719	-3.66605216325074	0.000246323701280963	0.012783097154536
"Ppt1"	4056.48510340828	-0.411246738438463	0.0952210669040997	-4.31886295553319	1.56835127970898e-05	0.00134671977334157	-0.397547434549488	0.0920483066150329	-4.31886295553319	1.56835127970898e-05	0.00134671977334157
"Nfya"	3501.84186898718	-0.427875697048418	0.131651520009754	-3.25006271873439	0.0011537955920676	0.0389490026564956	-0.401430271810475	0.123514384631439	-3.25006271873439	0.0011537955920676	0.0389490026564956
"Mapkapk3"	2450.07412911009	-0.422838619248368	0.117685307149664	-3.59296015356131	0.00032694259902723	0.0157699083587511	-0.401692574877103	0.111798864024857	-3.59296015356131	0.00032694259902723	0.0157699083587511
"Crtc3"	981.215033205506	-0.427806100666496	0.12584844657669	-3.39937529865176	0.000675399705340828	0.0271399788933588	-0.403517600542932	0.118698397471158	-3.39937529865176	0.000675399705340828	0.0271399788933588
"Pilra"	2060.95698870402	-0.423675645358083	0.112157077772261	-3.77752036495076	0.000158397556454807	0.00910327774865063	-0.404345309869389	0.10703774466722	-3.77752036495076	0.000158397556454807	0.00910327774865063
"H2.DMb1"	14475.3526145882	-0.434489522764851	0.137276291605464	-3.16507328165294	0.00155043896520475	0.0483486662064296	-0.405451597121599	0.128101777719617	-3.16507328165294	0.00155043896520475	0.0483486662064296
"Entpd1"	5413.00807462917	-0.431508301043328	0.128401744392997	-3.3606108942151	0.000777703035332737	0.0297150928994717	-0.406062988541106	0.120830048407262	-3.3606108942151	0.000777703035332737	0.0297150928994717
"Ms4a7"	7237.88492198502	-0.42574627977498	0.105334098750375	-4.04186569046297	5.30276040267469e-05	0.0036152348862941	-0.408519712436023	0.101071726592521	-4.04186569046297	5.30276040267469e-05	0.0036152348862941
"Slc15a3"	12126.0339235889	-0.426572399590902	0.105460479926046	-4.04485547467673	5.23554122128684e-05	0.00360157815549084	-0.409273397744009	0.10118341496433	-4.04485547467673	5.23554122128684e-05	0.00360157815549084
"Mxi1"	975.431717217206	-0.448700649268592	0.141169044046384	-3.17846346767896	0.00148057874778931	0.046693626358852	-0.417103887385521	0.131223977771892	-3.17846346767896	0.00148057874778931	0.046693626358852
"Ccpg1"	1742.9536393041	-0.436145359101696	0.107199244895745	-4.06854879925564	4.73068541777957e-05	0.00334028639093758	-0.417895233077744	0.102710695212939	-4.06854879925564	4.73068541777957e-05	0.00334028639093758
"Jun"	30415.0693930683	-0.442721513849117	0.124867186901071	-3.54553926324835	0.000391810612070085	0.0180160234129834	-0.417955839496696	0.117882066101888	-3.54553926324835	0.000391810612070085	0.0180160234129834
"Tnfaip2"	6900.02974531872	-0.441968699099057	0.12208937750028	-3.62004220308228	0.000294554968762131	0.0145272003742685	-0.418274327668274	0.115543424534261	-3.62004220308228	0.000294554968762131	0.0145272003742685
"Pcyt1a"	2914.63861777694	-0.447355279957934	0.134376158104446	-3.32912687986078	0.000871187068958652	0.0320541527912088	-0.418628456140432	0.125745171443776	-3.32912687986078	0.000871187068958652	0.0320541527912088
"Cd86"	4503.52704662959	-0.444756368539988	0.128029470201891	-3.47385932190963	0.000513029935097291	0.0223577516586604	-0.418674371085262	0.120520596515742	-3.47385932190963	0.000513029935097291	0.0223577516586604
"Icosl"	2826.27158373447	-0.4483193193811	0.135313110370731	-3.31319942430407	0.000922351878699003	0.0335813348925281	-0.419148853818181	0.12650818994456	-3.31319942430407	0.000922351878699003	0.0335813348925281
"Itgax"	11200.5057053928	-0.450430898922444	0.136620397734855	-3.29695203930392	0.000977401899895324	0.0352168539475237	-0.420594360265774	0.127570843084515	-3.29695203930392	0.000977401899895324	0.0352168539475237
"C5ar1"	12146.1269582305	-0.439656540567355	0.109103415696228	-4.02972297211547	5.58426246264667e-05	0.00375197692417826	-0.420628615045347	0.104381098121885	-4.02972297211547	5.58426246264667e-05	0.00375197692417826
"Atf3"	34885.8398902233	-0.454781384083974	0.137694713817466	-3.30282384468914	0.000957164951418259	0.0346673180841801	-0.42421471500496	0.128440032543418	-3.30282384468914	0.000957164951418259	0.0346673180841801
"Zbtb4"	1856.86888812353	-0.452837985920464	0.125616289533623	-3.604930440166	0.000312236546839855	0.0152371434857849	-0.427219470770389	0.118506512698438	-3.604930440166	0.000312236546839855	0.0152371434857849
"Fcgrt"	4207.30961491843	-0.449418190546149	0.110970138411068	-4.04990204555177	5.12390763039083e-05	0.0035454381752973	-0.429328643510411	0.106007842702763	-4.04990204555177	5.12390763039083e-05	0.0035454381752973
"Abr"	3490.76151820854	-0.460864937616258	0.129506280842187	-3.55863001098654	0.000372794246731924	0.0173244496315469	-0.433246885443825	0.121744652346007	-3.55863001098654	0.000372794246731924	0.0173244496315469
"Trim35"	1606.73850501083	-0.468745134522528	0.143910225704268	-3.25720519322781	0.00112515065740389	0.0384505566617175	-0.434536778616956	0.133406036354639	-3.25720519322781	0.00112515065740389	0.0384505566617175
"Cebpa"	7975.15619880233	-0.471033342727107	0.126802312982231	-3.71470623562767	0.000203439893552253	0.010966829610561	-0.443906351739608	0.11949954084721	-3.71470623562767	0.000203439893552253	0.010966829610561
"Nlrp3"	25057.2410380342	-0.474453386177041	0.125570140581	-3.77839336630342	0.000157843413655596	0.00910327774865063	-0.447628998571875	0.118470797232048	-3.77839336630342	0.000157843413655596	0.00910327774865063
"Epb41l2"	7640.59573615926	-0.486118700765557	0.149520718092783	-3.25117954866899	0.00114927252733325	0.0388907112169119	-0.448046975564573	0.137811104767446	-3.25117954866899	0.00114927252733325	0.0388907112169119
"Cxcl2"	43387.308301979	-0.485236879565647	0.145046589021882	-3.34538635370765	0.000821680247337703	0.0309699969646959	-0.449311504043009	0.134308121494249	-3.34538635370765	0.000821680247337703	0.0309699969646959
"Tm7sf3"	873.544937800354	-0.480636124930037	0.12902642067158	-3.72509849090081	0.000195238978484494	0.0106485635794602	-0.45203376791904	0.121341026689941	-3.72509849090081	0.000195238978484494	0.0106485635794602
"X2510009E07Rik"	1745.41351598917	-0.481459770512284	0.127360117507284	-3.78030249920858	0.000156637931389318	0.00910327774865063	-0.453497859062742	0.11996122055972	-3.78030249920858	0.000156637931389318	0.00910327774865063
"Slc9a9"	1297.5709442586	-0.487612292376062	0.137703283780365	-3.54103605222515	0.000398559114917854	0.0181742956402541	-0.454826845114754	0.128441532199549	-3.54103605222515	0.000398559114917854	0.0181742956402541
"Tnfaip3"	34791.634919757	-0.495074339786826	0.143352530635574	-3.45354447244037	0.000553271069721913	0.0235317860479889	-0.459209605352571	0.132968035993627	-3.45354447244037	0.000553271069721913	0.0235317860479889
"Tle1"	1855.12013613687	-0.498770154537353	0.144406961954599	-3.45392041897651	0.000552500386802902	0.0235317860479889	-0.462137741577107	0.133799063087907	-3.45392041897651	0.000552500386802902	0.0235317860479889
"Kif1b"	1972.8624861803	-0.50744400916575	0.154913112856733	-3.27566853320575	0.00105412199301359	0.0368360017056106	-0.465020194447628	0.141961744571289	-3.27566853320575	0.00105412199301359	0.0368360017056106
"Retreg1"	1580.42166378968	-0.515196218354314	0.157980704370132	-3.26113382269308	0.00110967655518547	0.038296232083175	-0.470548493590219	0.144289362706261	-3.26113382269308	0.00110967655518547	0.038296232083175
"Arhgap22"	2567.96822290871	-0.512118672257543	0.149928358739508	-3.4157558754266	0.000636052410166337	0.0257580284730994	-0.471813720538961	0.138125543102443	-3.4157558754266	0.000636052410166337	0.0257580284730994
"Klf7"	1681.76308912837	-0.519664493495099	0.161344220507935	-3.2208435595593	0.00127813895870923	0.0422664873130192	-0.472873298398407	0.14681435472994	-3.2208435595593	0.00127813895870923	0.0422664873130192
"Myadm"	10754.5696913213	-0.506232111585867	0.124140299112906	-4.07790310804269	4.54436959765229e-05	0.00330912548526185	-0.4782224308354	0.117271501763971	-4.07790310804269	4.54436959765229e-05	0.00330912548526185
"Bcl2a1d"	3340.300337713	-0.524715529708359	0.15979547499862	-3.28366951387635	0.00102465002381076	0.0364562119242794	-0.478298376350198	0.145658095513824	-3.28366951387635	0.00102465002381076	0.0364562119242794
"Lilrb4a"	7072.69305794207	-0.530561883341223	0.167363631929392	-3.17011454176053	0.00152378857027196	0.0477316473768972	-0.479513181847289	0.151260739527283	-3.17011454176053	0.00152378857027196	0.0477316473768972
"Mob3a"	1665.16266726364	-0.513507723245933	0.1311283517502	-3.91606938081681	9.00043561609076e-05	0.00563865128597254	-0.4820058614448	0.123080626594301	-3.91606938081681	9.00043561609076e-05	0.00563865128597254
"Adgre5"	26394.4605766726	-0.502367105930974	0.105358011871285	-4.76819082866436	1.85887667892691e-06	0.000246221493814433	-0.482032760389289	0.101093192948504	-4.76819082866436	1.85887667892691e-06	0.000246221493814433
"Bcl2a1b"	6988.46668860748	-0.521178617026985	0.143136547420214	-3.64112888301638	0.000271445199108381	0.0138257823316035	-0.483528942571667	0.132795701024092	-3.64112888301638	0.000271445199108381	0.0138257823316035
"Arhgef3"	1731.04305135846	-0.526575040717856	0.152263998603172	-3.45830298395227	0.000543589686795803	0.0233340906294939	-0.483932766394075	0.139929665743729	-3.45830298395227	0.000543589686795803	0.0233340906294939
"Bcl2a1a"	1869.05942682362	-0.528931408928385	0.145706473633923	-3.63011605275196	0.000283293817662441	0.0141728432231987	-0.489432459456	0.134823625364659	-3.63011605275196	0.000283293817662441	0.0141728432231987
"Pcf11"	4413.93625342538	-0.554905678647107	0.171613986961804	-3.23345252022268	0.00122303664095738	0.0408894076981615	-0.499037733627157	0.154337430398429	-3.23345252022268	0.00122303664095738	0.0408894076981615
"I830077J02Rik"	886.072755304691	-0.556476406379625	0.163939364335327	-3.39440383117132	0.000687781911878798	0.0274087989410038	-0.504883282743204	0.148735175427373	-3.39440383117132	0.000687781911878798	0.0274087989410038
"Cd300ld3"	2436.26584519245	-0.56556622984891	0.177730074440429	-3.18216391699356	0.00146179060845222	0.0464168579505787	-0.504930941559027	0.158677084505193	-3.18216391699356	0.00146179060845222	0.0464168579505787
"Niban1"	12211.8158719594	-0.56085231065549	0.166607151942115	-3.36631593612709	0.000761794032430055	0.0293491174599368	-0.507326561749034	0.150708253917346	-3.36631593612709	0.000761794032430055	0.0293491174599368
"Cd83"	77590.5101547695	-0.545637215490266	0.130412041387011	-4.18394812079532	2.86489517521421e-05	0.00225150638714994	-0.51251091464441	0.122494738625993	-4.18394812079532	2.86489517521421e-05	0.00225150638714994
"Vopp1"	788.243791637379	-0.549640949556987	0.13688904972776	-4.01522949169485	5.93879792567017e-05	0.00391454035783037	-0.513089840610361	0.127776610527296	-4.01522949169485	5.93879792567017e-05	0.00391454035783037
"Cebpg"	1939.0250777432	-0.569021009932087	0.168660708823397	-3.37376152336644	0.000741485748669338	0.0287258601462205	-0.513490239645587	0.152200995217826	-3.37376152336644	0.000741485748669338	0.0287258601462205
"Basp1"	3580.4152931092	-0.551406854415575	0.130020155922933	-4.24093364987511	2.22591935149009e-05	0.00182106390238377	-0.518115465618959	0.12216875696356	-4.24093364987511	2.22591935149009e-05	0.00182106390238377
"Pla2g7"	3799.42977910913	-0.560662232816007	0.140767191554532	-3.98290415987173	6.80782145185771e-05	0.00441732070609405	-0.521392010739533	0.130906615786739	-3.98290415987173	6.80782145185771e-05	0.00441732070609405
"C3ar1"	9628.37869825533	-0.545371694418492	0.108049825380437	-5.04740930860618	4.4784123741237e-07	7.41497134515624e-05	-0.522201931565802	0.103458761321451	-5.04740930860618	4.4784123741237e-07	7.41497134515624e-05
"Gbp3"	1008.14893826673	-0.585838979007564	0.17791860259359	-3.29273595041527	0.000992176073733265	0.035564909364645	-0.522905415218248	0.158802170730351	-3.29273595041527	0.000992176073733265	0.035564909364645
"Hepacam2"	1186.80838188845	-0.580620724105732	0.169506791594422	-3.4253537492172	0.000613999402865888	0.0251161873384081	-0.52344190119411	0.152810611229594	-3.4253537492172	0.000613999402865888	0.0251161873384081
"Adam19"	7176.07655804709	-0.573275537658105	0.151708857527817	-3.77878752104498	0.000157593819874914	0.00910327774865063	-0.527159424125159	0.139505311805906	-3.77878752104498	0.000157593819874914	0.00910327774865063
"Mertk"	2950.21926329848	-0.598126838739046	0.185565829920237	-3.22325957853417	0.00126740643011734	0.0421700684929952	-0.52889602738085	0.164088381369283	-3.22325957853417	0.00126740643011734	0.0421700684929952
"Cfh"	9689.60535965945	-0.568323412971999	0.131860711106163	-4.31002842472489	1.63233563379666e-05	0.00138430024358805	-0.533094212848821	0.123686836724964	-4.31002842472489	1.63233563379666e-05	0.00138430024358805
"Amz1"	2208.77619454829	-0.564576251709476	0.124516938896515	-4.53413211658449	5.78408179831351e-06	0.000591507423904002	-0.533156402693252	0.117584190851835	-4.53413211658449	5.78408179831351e-06	0.000591507423904002
"Ahnak"	68104.9547526358	-0.58134612137987	0.154069439052784	-3.77327343406957	0.000161119536541961	0.0091576236019008	-0.533238448200867	0.141320827359407	-3.77327343406957	0.000161119536541961	0.0091576236019008
"Tlr7"	2262.568909755	-0.605383335826963	0.184610977779181	-3.27923801233034	0.00104087807006135	0.0366453658040372	-0.535941160594745	0.16343679607126	-3.27923801233034	0.00104087807006135	0.0366453658040372
"Ddx3x"	17014.5379956985	-0.589055196042678	0.159983606284102	-3.6819722328088	0.000231436622477276	0.0123326457678696	-0.536831489854657	0.145801144500865	-3.6819722328088	0.000231436622477276	0.0123326457678696
"Myh10"	1110.8896344659	-0.597542834207155	0.167532601692688	-3.56672568902889	0.000361469509489374	0.0170997208774769	-0.539961980550041	0.151374619444575	-3.56672568902889	0.000361469509489374	0.0170997208774769
"Rfx2"	652.512324116234	-0.62801187482911	0.182237008869886	-3.44612698992167	0.000568683053087383	0.0240515970631491	-0.557627713611105	0.161793771952916	-3.44612698992167	0.000568683053087383	0.0240515970631491
"Lilr4b"	31160.3754676746	-0.59754254904488	0.116513868550079	-5.12851007764838	2.92044267498289e-07	5.20737393893104e-05	-0.568225888270408	0.110797396380722	-5.12851007764838	2.92044267498289e-07	5.20737393893104e-05
"Zmynd15"	3159.36956059874	-0.620569067508057	0.152529588698977	-4.06851596992616	4.73135187672349e-05	0.00334028639093758	-0.570147058636173	0.140135268474313	-4.06851596992616	4.73135187672349e-05	0.00334028639093758
"Fnip1"	1982.46671967129	-0.660178627801589	0.201069507131915	-3.28333538594923	0.00102586538153722	0.0364562119242794	-0.572220860452715	0.174283748222953	-3.28333538594923	0.00102586538153722	0.0364562119242794
"Dusp8"	917.795437124746	-0.640147846025034	0.168131263988955	-3.80742897446536	0.000140419049610325	0.00831041762544853	-0.57803733027191	0.151806313620859	-3.80742897446536	0.000140419049610325	0.00831041762544853
"H2.Ob"	1038.24795363042	-0.6608168579908	0.190265187588087	-3.47313592343245	0.000514414763500959	0.0223577516586604	-0.580859196711986	0.16724090914345	-3.47313592343245	0.000514414763500959	0.0223577516586604
"Smcr8"	3098.89448785534	-0.623219639610544	0.134678063745521	-4.62747697938499	3.70147360677939e-06	0.000415162055831353	-0.58302421014471	0.125989429932045	-4.62747697938499	3.70147360677939e-06	0.000415162055831353
"Galnt12"	470.790934612375	-0.666894020336169	0.194031235106212	-3.43704465918137	0.000588098627603103	0.0245623895276395	-0.583366016557904	0.16971186543414	-3.43704465918137	0.000588098627603103	0.0245623895276395
"Pde3b"	1528.53851767773	-0.667076978914905	0.192634533736831	-3.46291480543274	0.000534357558688161	0.0230088078211608	-0.58458843562198	0.168816530057241	-3.46291480543274	0.000534357558688161	0.0230088078211608
"Cnksr3"	405.30903849475	-0.689589204730276	0.216033925998383	-3.19204125714698	0.00141271152415437	0.0453764246603671	-0.585710615626261	0.183449574970536	-3.19204125714698	0.00141271152415437	0.0453764246603671
"Itga9"	4100.80358944417	-0.626339509984385	0.130822204575268	-4.78771560239242	1.68690470067157e-06	0.000230014417420982	-0.588084181689908	0.122830243535596	-4.78771560239242	1.68690470067157e-06	0.000230014417420982
"Rnase6"	385.478806175459	-0.677977492680853	0.19764042748598	-3.43035835990057	0.000602784581901588	0.0248650911405376	-0.590273338159014	0.172051308256397	-3.43035835990057	0.000602784581901588	0.0248650911405376
"Padi2"	1226.36543717231	-0.677676028839731	0.197158409576931	-3.43721594373738	0.000587726826951192	0.0245623895276395	-0.590405229647074	0.171769531596913	-3.43721594373738	0.000587726826951192	0.0245623895276395
"Uhrf1bp1"	474.54026358684	-0.7031381321167	0.222675726111253	-3.15767750888751	0.00159031381598448	0.0490423160814017	-0.591594308684436	0.187333621684661	-3.15767750888751	0.00159031381598448	0.0490423160814017
"Egr1"	43964.0123246467	-0.632722180978743	0.123672819074953	-5.11609734225656	3.11922127851141e-07	5.42276619269208e-05	-0.597963756050767	0.116878899836929	-5.11609734225656	3.11922127851141e-07	5.42276619269208e-05
"Rasgrp1"	2448.29008639047	-0.691093320325571	0.195929986232964	-3.52724630676924	0.000419905945057141	0.0189612074151127	-0.603068017603519	0.170978727631275	-3.52724630676924	0.000419905945057141	0.0189612074151127
"Dip2c"	402.332376508731	-0.691133407977877	0.19406725628228	-3.56130869894194	0.000369010920349586	0.0173244496315469	-0.604553980772469	0.169726294622386	-3.56130869894194	0.000369010920349586	0.0173244496315469
"Cables1"	243.637483067395	-0.716704045475442	0.2145038757204	-3.34121723007767	0.000834119334613822	0.0312132375752385	-0.610044573734276	0.182502834325368	-3.34121723007767	0.000834119334613822	0.0312132375752385
"Lgi4"	271.896370302631	-0.706998406848851	0.201606819934759	-3.50681790962051	0.000453499362414747	0.0202156061937959	-0.612444047478155	0.174565507866051	-3.50681790962051	0.000453499362414747	0.0202156061937959
"Slc14a1"	298.236664614779	-0.744806295040707	0.235298796060093	-3.16536381618582	0.00154889148661356	0.0483486662064296	-0.615187250409291	0.194333745772833	-3.16536381618582	0.00154889148661356	0.0483486662064296
"Plxnb3"	234.476501066428	-0.746009480750923	0.233684505192115	-3.19237888767002	0.00141106105713764	0.0453764246603671	-0.617762249442037	0.193441316706234	-3.19237888767002	0.00141106105713764	0.0453764246603671
"Tent5c"	4459.09922018528	-0.6885286470849	0.162431094735612	-4.2388967962422	2.24620883662287e-05	0.00182691652045327	-0.62576770596999	0.147625342466053	-4.2388967962422	2.24620883662287e-05	0.00182691652045327
"Trpv4"	538.739303585982	-0.70587380300039	0.183245939016809	-3.85205700485205	0.000117129746138407	0.00708278482301291	-0.625949291792394	0.162475317853427	-3.85205700485205	0.000117129746138407	0.00708278482301291
"X2900026A02Rik"	942.768152691651	-0.679463927859082	0.138036317798685	-4.92235622258503	8.5508383220568e-07	0.00013068687844304	-0.63357994004487	0.128699735628456	-4.92235622258503	8.5508383220568e-07	0.00013068687844304
"Ipcef1"	890.692564736426	-0.712492013110353	0.179660179177346	-3.965775924152	7.31575665709727e-05	0.00471053442531986	-0.634594870448634	0.160010219111784	-3.965775924152	7.31575665709727e-05	0.00471053442531986
"Fcgr4"	1089.48007060846	-0.705076304320592	0.169471612727331	-4.16043898428591	3.17636470521269e-05	0.00242795530397719	-0.635665447731313	0.152778868965785	-4.16043898428591	3.17636470521269e-05	0.00242795530397719
"Hpgds"	3102.75831422555	-0.691123265002413	0.150066016933993	-4.60546151035918	4.11552104742043e-06	0.000447177083808776	-0.636622943649934	0.13823052876623	-4.60546151035918	4.11552104742043e-06	0.000447177083808776
"Tnfsf13b"	1529.54321655185	-0.692739601456814	0.14960188224718	-4.63055404819193	3.64688569792339e-06	0.000412364929160313	-0.638416172132268	0.137864735535779	-4.63055404819193	3.64688569792339e-06	0.000412364929160313
"Ifi204"	1524.62329616971	-0.728942486657294	0.192194781541888	-3.79272777756676	0.000149001470577737	0.00870719517981164	-0.639166083857928	0.168524008551398	-3.79272777756676	0.000149001470577737	0.00870719517981164
"Slc11a1"	7482.93243701864	-0.693337900751749	0.146412332802228	-4.73551570063637	2.18498788128897e-06	0.000286686900499688	-0.641101568178464	0.135381226640567	-4.73551570063637	2.18498788128897e-06	0.000286686900499688
"Xlr"	390.176833243127	-0.773711423266837	0.228872141545268	-3.3805399732925	0.00072343551357222	0.0281835885791665	-0.64519899731059	0.190822680562469	-3.3805399732925	0.00072343551357222	0.0281835885791665
"Tnf"	6578.15439494867	-0.709963573294404	0.153821208239238	-4.61551161521367	3.92128107833832e-06	0.00043409192362013	-0.651384060767659	0.141128393473618	-4.61551161521367	3.92128107833832e-06	0.00043409192362013
"Syne1"	3720.17560671053	-0.711478196185336	0.150683271155072	-4.72168005599728	2.33904428955802e-06	0.000304032037188532	-0.654948785762424	0.138709543183362	-4.72168005599728	2.33904428955802e-06	0.000304032037188532
"Abcc3"	4177.07632799307	-0.705008327751007	0.130644641394423	-5.39638151420654	6.79982798357989e-08	1.57620012659382e-05	-0.662057314264911	0.122683073540182	-5.39638151420654	6.79982798357989e-08	1.57620012659382e-05
"Il1rl2"	1131.50598738521	-0.738907247709188	0.167248377990565	-4.41802340080615	9.96076386661659e-06	0.000911409893795418	-0.667870425662655	0.151161164697789	-4.41802340080615	9.96076386661659e-06	0.000911409893795418
"Zbtb10"	965.187221402148	-0.742715655092931	0.169275971029852	-4.38760239019365	1.14607044838565e-05	0.00102835792233211	-0.669761765037348	0.152632918701707	-4.38760239019365	1.14607044838565e-05	0.00102835792233211
"Rora"	391.87854978261	-0.754637365583705	0.177869674016736	-4.24264209036949	2.2090358825471e-05	0.00181794503280858	-0.673626569339551	0.158725656705115	-4.24264209036949	2.2090358825471e-05	0.00181794503280858
"Scimp"	762.839309226147	-0.73730627390986	0.153499533209771	-4.80331280813905	1.56061787743883e-06	0.000214901717221973	-0.676689044141549	0.140859527155767	-4.80331280813905	1.56061787743883e-06	0.000214901717221973
"Trim47"	2236.36432608671	-0.742556186630954	0.158410385730516	-4.68754736759605	2.76498717263695e-06	0.000342016592783983	-0.677900512242537	0.144610640796193	-4.68754736759605	2.76498717263695e-06	0.000342016592783983
"Slco2b1"	6720.68381152156	-0.731440776039839	0.141939207177175	-5.15319755962017	2.56081931556542e-07	4.74878333878451e-05	-0.679413381574039	0.131842155683165	-5.15319755962017	2.56081931556542e-07	4.74878333878451e-05
"Mmp14"	3256.06630737586	-0.728064667929843	0.13722905700669	-5.30547016652859	1.12382948083373e-07	2.33286871931874e-05	-0.679429775815612	0.128058789423125	-5.30547016652859	1.12382948083373e-07	2.33286871931874e-05
"Per2"	590.293537269098	-0.74870416101718	0.160497314927304	-4.66490147424772	3.08764943679149e-06	0.000373417637973009	-0.681919150051437	0.146152692648572	-4.66490147424772	3.08764943679149e-06	0.000373417637973009
"Cd300a"	3251.01409026585	-0.801490875727544	0.209004627063442	-3.83479967400079	0.000125666673450251	0.00753350040666417	-0.687313482740171	0.179241277813844	-3.83479967400079	0.000125666673450251	0.00753350040666417
"Slc13a3"	1541.56156008137	-0.728946699864557	0.126050208997293	-5.78298684042811	7.33858059190622e-09	2.26811064160515e-06	-0.687425334123973	0.118861655706726	-5.78298684042811	7.33858059190622e-09	2.26811064160515e-06
"Adgrg5"	339.091127785517	-0.877984759863294	0.267806658254531	-3.27842767459811	0.00104387110415691	0.0366453658040372	-0.689629726266456	0.21037736763568	-3.27842767459811	0.00104387110415691	0.0366453658040372
"Fam135a"	238.131248527015	-0.85676174446157	0.249134541273843	-3.43895206213031	0.000583970632644929	0.0245623895276395	-0.693189289594915	0.201482108168801	-3.43895206213031	0.000583970632644929	0.0245623895276395
"Stard13"	723.818905914996	-0.782342706129406	0.174789337999339	-4.47591778242427	7.60837616711906e-06	0.000750477274697105	-0.700976428439138	0.156576587975303	-4.47591778242427	7.60837616711906e-06	0.000750477274697105
"Gatm"	3646.90986458861	-0.786961615400199	0.176074618891045	-4.46947788589093	7.84107651419556e-06	0.000759959668645897	-0.703984259808239	0.157510544431923	-4.46947788589093	7.84107651419556e-06	0.000759959668645897
"Mmp12"	11667.1839896428	-0.75662682817453	0.135894134072795	-5.56776665407224	2.5802503850992e-08	6.77096648225654e-06	-0.707001435861714	0.126980847308101	-5.56776665407224	2.5802503850992e-08	6.77096648225654e-06
"Rgs1"	23755.8829703957	-0.774583941953257	0.15367485128966	-5.04040794868416	4.64540530729554e-07	7.6009761192784e-05	-0.710781780479918	0.141017906208365	-5.04040794868416	4.64540530729554e-07	7.6009761192784e-05
"Mthfsl"	930.100509904724	-0.790849591976642	0.170242782355086	-4.6454221496869	3.39381740240118e-06	0.000400010274852505	-0.712338809939882	0.153328399363689	-4.6454221496869	3.39381740240118e-06	0.000400010274852505
"Adamtsl4"	681.734188316328	-0.78438039452731	0.162609231465688	-4.8237138042979	1.40909567154343e-06	0.000199976557141082	-0.712780429122238	0.147729102835904	-4.8237138042979	1.40909567154343e-06	0.000199976557141082
"Dyrk2"	3434.67081216427	-0.790319480540502	0.159380689897603	-4.95869029710096	7.09699997221388e-07	0.000110904579341068	-0.720724442751292	0.145343109944539	-4.95869029710096	7.09699997221388e-07	0.000110904579341068
"Pmepa1"	3979.22510324138	-0.760610919869668	0.116930039127138	-6.50483764093035	7.77773366921946e-11	4.35964620695778e-08	-0.723035084996695	0.111150147237637	-6.50483764093035	7.77773366921946e-11	4.35964620695778e-08
"Cd22"	283.290186784716	-0.927585582454303	0.267005736874671	-3.47402866062649	0.000512706266073163	0.0223577516586604	-0.729492028463364	0.209990969782912	-3.47402866062649	0.000512706266073163	0.0223577516586604
"Spats2"	204.324289100389	-0.986010256448672	0.302847361168763	-3.25579939888997	0.00113073609970107	0.0384505566617175	-0.73093976083021	0.224444552481346	-3.25579939888997	0.00113073609970107	0.0384505566617175
"Rnf144b"	283.127076762121	-1.0161026582866	0.309599847129574	-3.28198695092165	0.00103078375153711	0.0364787287948553	-0.744281577025884	0.226841057733693	-3.28198695092165	0.00103078375153711	0.0364787287948553
"Cdr2"	980.320303744223	-0.801865412114173	0.141372501890732	-5.67200411246834	1.41136587974466e-08	4.08943263656014e-06	-0.74526973128696	0.131370425258796	-5.67200411246834	1.41136587974466e-08	4.08943263656014e-06
"Cpne8"	167.628995485425	-1.08567636583288	0.338500306257164	-3.20731280227579	0.00133981226712153	0.0435376378764631	-0.755708536786221	0.235660361276185	-3.20731280227579	0.00133981226712153	0.0435376378764631
"Peli1"	1803.19353037461	-0.818846058997618	0.148055879997675	-5.53065544583895	3.19036436857269e-08	8.06756138874708e-06	-0.755857560491475	0.136658006609032	-5.53065544583895	3.19036436857269e-08	8.06756138874708e-06
"Cadm1"	3014.37316260281	-0.874476890623177	0.195687889872612	-4.46873279277753	7.86843487812836e-06	0.000759959668645897	-0.76331794676243	0.170818848942313	-4.46873279277753	7.86843487812836e-06	0.000759959668645897
"X0610040J01Rik"	203.634823129417	-0.947462957108214	0.248933686836562	-3.80608574576037	0.000141183452977495	0.00832025196614828	-0.76673887999204	0.201332002774577	-3.80608574576037	0.000141183452977495	0.00832025196614828
"Tanc2"	5528.36640399725	-0.897668954540882	0.205321288754784	-4.37202084588983	1.2310176827914e-05	0.00109050916766005	-0.773637176164923	0.176964228450443	-4.37202084588983	1.2310176827914e-05	0.00109050916766005
"Plau"	4829.50352618783	-0.899061437607941	0.203872799134719	-4.40991363940533	1.03411851403703e-05	0.000940034006093268	-0.776363250195487	0.176056812752183	-4.40991363940533	1.03411851403703e-05	0.000940034006093268
"Zfyve9"	292.286194573145	-0.883994978651798	0.190647419403571	-4.63680537306681	3.53835293077684e-06	0.000407029107138174	-0.776716604380894	0.16740662022255	-4.63680537306681	3.53835293077684e-06	0.000407029107138174
"St3gal6"	1620.34224887706	-0.835778455995061	0.137052909853135	-6.0982175197205	1.07257731081743e-09	4.26211578252823e-07	-0.780072023608039	0.127907158850721	-6.0982175197205	1.07257731081743e-09	4.26211578252823e-07
"Ndst1"	1921.53041614849	-0.833428370995802	0.127606838126315	-6.53122029534818	6.52359609737255e-11	3.94479019661989e-08	-0.784857637835512	0.120158842825401	-6.53122029534818	6.52359609737255e-11	3.94479019661989e-08
"Plxdc2"	4473.26506027079	-0.829796543901501	0.116900625237627	-7.09830714946781	1.26294260003145e-12	9.7583364895763e-10	-0.788822424941828	0.111124633992783	-7.09830714946781	1.26294260003145e-12	9.7583364895763e-10
"Ston2"	933.786316254459	-0.885819254537856	0.172847426635542	-5.12486226598936	2.97755330168727e-07	5.2420014328945e-05	-0.795434393109565	0.155193150487406	-5.12486226598936	2.97755330168727e-07	5.2420014328945e-05
"Tpbgl"	212.966275635112	-0.992115260182843	0.24913875674976	-3.98217954173763	6.82861627703638e-05	0.00441732070609405	-0.802500418877332	0.201425631191669	-3.98217954173763	6.82861627703638e-05	0.00441732070609405
"Crym"	45.045563625157	-1.68514705973176	0.532811077400534	-3.16274779412098	0.00156287664699864	0.0486274908421859	-0.804527407654484	0.256396450424477	-3.16274779412098	0.00156287664699864	0.0486274908421859
"Kcnj10"	995.699447057238	-1.08790120044151	0.302836972874214	-3.59236585320569	0.000327689352579742	0.0157699083587511	-0.806016757033227	0.224537288206712	-3.59236585320569	0.000327689352579742	0.0157699083587511
"Klhl38"	32.8967245372554	-2.29682686959289	0.679952694467583	-3.37792156466318	0.000730359096138967	0.0283738388522367	-0.806743500458376	0.248314835819531	-3.37792156466318	0.000730359096138967	0.0283738388522367
"Mb21d2"	115.198620696994	-1.14004135108157	0.328036128503197	-3.47535302371568	0.000510181475374358	0.0223577516586604	-0.808804311925711	0.232547494064042	-3.47535302371568	0.000510181475374358	0.0223577516586604
"Stab1"	15520.1286745418	-0.89164552473662	0.160112645577712	-5.56886385531523	2.5640572705905e-08	6.77096648225654e-06	-0.812469258625558	0.145896768754274	-5.56886385531523	2.5640572705905e-08	6.77096648225654e-06
"Neurl1a"	477.226929099282	-0.946600740559715	0.208322358334957	-4.54392292851109	5.52168536547792e-06	0.000573101493007962	-0.812472034907537	0.178759718830033	-4.54392292851109	5.52168536547792e-06	0.000573101493007962
"Ecm1"	3559.69344540791	-0.890888566404749	0.157502164136294	-5.65635762079957	1.54619129242991e-08	4.38865887655413e-06	-0.81412872195884	0.143925377273116	-5.65635762079957	1.54619129242991e-08	4.38865887655413e-06
"Glcci1"	652.289187844601	-1.09145866348653	0.296306402717851	-3.68354734651426	0.000230010537581476	0.0123037944487814	-0.817708023038121	0.222125374191858	-3.68354734651426	0.000230010537581476	0.0123037944487814
"Chd5"	378.10403445806	-0.986203205386235	0.229100927952061	-4.30466700507034	1.67237094193267e-05	0.00140965667032724	-0.822093461827134	0.19091017615177	-4.30466700507034	1.67237094193267e-05	0.00140965667032724
"Abhd6"	127.59728392793	-1.11361211101144	0.304398667013623	-3.65840009069949	0.000253794639865419	0.0131218433131905	-0.82335595489119	0.224849888167144	-3.65840009069949	0.000253794639865419	0.0131218433131905
"Meis3"	418.87323754267	-0.944628017333807	0.18604657849624	-5.07737376827328	3.82687588706385e-07	6.41255299244386e-05	-0.834804491132442	0.164337575443593	-5.07737376827328	3.82687588706385e-07	6.41255299244386e-05
"Ly6c2"	81.2553357782803	-1.89560583237329	0.56793599215835	-3.3377103380424	0.000844717597734803	0.0313954521728005	-0.837122430782021	0.255357494654346	-3.3377103380424	0.000844717597734803	0.0313954521728005
"Il1b"	46802.5826044142	-0.909868576476112	0.145541406267617	-6.25161319936041	4.06234493774914e-10	1.66173804100633e-07	-0.842069340308247	0.134697723573969	-6.25161319936041	4.06234493774914e-10	1.66173804100633e-07
"Agmo"	363.71681547448	-0.968758883353012	0.197692748843591	-4.90032582894311	9.56778453291652e-07	0.000144639942699786	-0.843376667127564	0.172028640177899	-4.90032582894311	9.56778453291652e-07	0.000144639942699786
"Tlr12"	343.489438299267	-1.15527262582011	0.310978070518559	-3.71496492950028	0.000203231879078451	0.010966829610561	-0.843835315660608	0.227301350587576	-3.71496492950028	0.000203231879078451	0.010966829610561
"Srpk3"	218.799061187865	-1.06617381031668	0.261615676303396	-4.07534374614555	4.59464254269612e-05	0.00332647364311675	-0.845938493675802	0.207439794030219	-4.07534374614555	4.59464254269612e-05	0.00332647364311675
"Klrb1b"	1356.11881023302	-0.933992718002722	0.164488045352427	-5.67817993095838	1.3613547447994e-08	4.02845144482341e-06	-0.846866195860554	0.149128853582483	-5.67817993095838	1.3613547447994e-08	4.02845144482341e-06
"Prox1"	59.3727740905587	-1.64808681898902	0.489451940536688	-3.36720867258568	0.000759332076317423	0.0293355292150631	-0.857365593703833	0.256080372473469	-3.36720867258568	0.000759332076317423	0.0293355292150631
"Vcam1"	2086.94157405154	-0.951945711283513	0.167107795460032	-5.69659667080699	1.22222602792747e-08	3.69537382530767e-06	-0.860587465290324	0.151059705841905	-5.69659667080699	1.22222602792747e-08	3.69537382530767e-06
"Zscan18"	121.474124455692	-1.19932101554588	0.319812804647432	-3.75007191118577	0.000176783866091363	0.00991415326451078	-0.862901394837307	0.229984597394784	-3.75007191118577	0.000176783866091363	0.00991415326451078
"Apoe"	121124.152013576	-0.965046310116895	0.147630126652005	-6.53691988215731	6.27986664095874e-11	3.94479019661989e-08	-0.891214177483905	0.136337521200506	-6.53691988215731	6.27986664095874e-11	3.94479019661989e-08
"Pyroxd2"	244.608787135908	-1.0716627361319	0.228190535726673	-4.69635049814483	2.6485092130671e-06	0.000337940056287497	-0.894529150140731	0.190317311755191	-4.69635049814483	2.6485092130671e-06	0.000337940056287497
"Speg"	190.473636245866	-1.38441118956418	0.367341868964412	-3.76872691769939	0.000164082279328548	0.00927665179228231	-0.913531913638104	0.242633624168881	-3.76872691769939	0.000164082279328548	0.00927665179228231
"Plag1"	88.6436209321311	-1.73418149942087	0.476388414096966	-3.64026800002716	0.00027235441296097	0.0138257823316035	-0.922565156558038	0.255642597578958	-3.64026800002716	0.00027235441296097	0.0138257823316035
"Igf1"	1686.39134499321	-1.03533723712766	0.174370870281545	-5.93755846636526	2.89297892428894e-09	1.00588877197526e-06	-0.928022407109665	0.156286156068502	-5.93755846636526	2.89297892428894e-09	1.00588877197526e-06
"Ermap"	348.553581371302	-1.13695194068925	0.236577948045943	-4.80582383134228	1.5411556222517e-06	0.000214343923942767	-0.937182558799991	0.194948054297406	-4.80582383134228	1.5411556222517e-06	0.000214343923942767
"Col27a1"	1187.42234906528	-1.05725370406013	0.180875395558725	-5.8452046548082	5.05945853617873e-09	1.67540355526604e-06	-0.940242524401812	0.160838803369951	-5.8452046548082	5.05945853617873e-09	1.67540355526604e-06
"Adam33"	667.359738942513	-1.04067120449214	0.161227320094189	-6.45468276644544	1.08445828832211e-10	5.80101764383997e-08	-0.947125203623224	0.14667080090252	-6.45468276644544	1.08445828832211e-10	5.80101764383997e-08
"Serpine1"	15128.7535811127	-1.11138862264197	0.211536468399275	-5.25388662792753	1.48922571788194e-07	3.04590460063265e-05	-0.949720995061133	0.180789025826685	-5.25388662792753	1.48922571788194e-07	3.04590460063265e-05
"Ston1"	128.622669546772	-1.262725778012	0.29079036980043	-4.34239200864392	1.40939767293231e-05	0.00123282407768192	-0.955387294410149	0.219676080036144	-4.34239200864392	1.40939767293231e-05	0.00123282407768192
"Adam22"	589.941783922905	-1.28926793811601	0.284166873233815	-4.5370099739078	5.70574091228787e-06	0.000587818108208146	-0.985587487595014	0.217352716264497	-4.5370099739078	5.70574091228787e-06	0.000587818108208146
"Zfp691"	815.812307431925	-1.11633606496144	0.185772857794927	-6.00914513676564	1.8650410942079e-09	6.82605040480092e-07	-0.986774423848109	0.164174523555191	-6.00914513676564	1.8650410942079e-09	6.82605040480092e-07
"Adgrl3"	301.627110826308	-1.19777914141442	0.218471619488326	-5.48253884975856	4.19264889481816e-08	1.0412743005202e-05	-1.01371406854457	0.184740941830276	-5.48253884975856	4.19264889481816e-08	1.0412743005202e-05
"Hs3st3a1"	269.756695052483	-1.3287872161515	0.283533556340307	-4.68652540920639	2.77882333797743e-06	0.000342016592783983	-1.01685738789949	0.21697174299576	-4.68652540920639	2.77882333797743e-06	0.000342016592783983
"Rcbtb2"	1490.56618316434	-1.11344536391169	0.146970560262032	-7.5759755009884	3.56439073518432e-14	3.3049030896629e-11	-1.0289358270808	0.135791045172329	-7.5759755009884	3.56439073518432e-14	3.3049030896629e-11
"Unc13b"	478.033090360298	-1.18935982443242	0.188390616149578	-6.3132646877066	2.73209620957945e-10	1.31027565802865e-07	-1.04804029344992	0.165883053609686	-6.3132646877066	2.73209620957945e-10	1.31027565802865e-07
"Zfp827"	94.9320705143962	-1.59091808967378	0.368368682966456	-4.31882014741912	1.56865547369381e-05	0.00134671977334157	-1.04810325655528	0.242498322667437	-4.31882014741912	1.56865547369381e-05	0.00134671977334157
"Cd4"	1596.3602283369	-1.98884328279378	0.475355187880099	-4.18390991305523	2.86537698105795e-05	0.00225150638714994	-1.05327263582435	0.255731978027467	-4.18390991305523	2.86537698105795e-05	0.00225150638714994
"Serpinf2"	57.4575325865712	-1.85383373709341	0.43689856964301	-4.2431673296806	2.20386980952855e-05	0.00181794503280858	-1.07061216775507	0.252601942831197	-4.2431673296806	2.20386980952855e-05	0.00181794503280858
"Btbd11"	157.712341183575	-1.5027593052108	0.324220084865781	-4.63499756911389	3.56941674443789e-06	0.000407029107138174	-1.07185754996813	0.231280770067831	-4.63499756911389	3.56941674443789e-06	0.000407029107138174
"Klhl13"	259.581593867822	-1.37206351195701	0.252899161583774	-5.42533831810475	5.78448700512845e-08	1.40858815255668e-05	-1.10320919391959	0.203178789962511	-5.42533831810475	5.78448700512845e-08	1.40858815255668e-05
"P3h2"	1180.99986948085	-1.31750762494478	0.204915038091551	-6.42953117162712	1.27998110041155e-10	6.59332486834216e-08	-1.13595593602208	0.176658387344615	-6.42953117162712	1.27998110041155e-10	6.59332486834216e-08
"Il18r1"	508.872666777849	-1.28507755037023	0.184919725053572	-6.94938060284234	3.66893485763677e-12	2.55137730000061e-09	-1.13718797228009	0.163519898625365	-6.94938060284234	3.66893485763677e-12	2.55137730000061e-09
"Il1a"	3026.42349504222	-1.21053517896055	0.123175093889806	-9.82775933618132	8.54998625068004e-23	2.97283021936145e-19	-1.14453119508512	0.116443779425494	-9.82775933618132	8.54998625068004e-23	2.97283021936145e-19
"Oplah"	363.268730899808	-1.49832619556039	0.257337540112698	-5.82241594018585	5.80029751896802e-09	1.83342131576835e-06	-1.19654400369638	0.205367744592956	-5.82241594018585	5.80029751896802e-09	1.83342131576835e-06
"Lrrc3"	155.233778410707	-1.85526121777072	0.360204261499538	-5.15058097882358	2.59680778125153e-07	4.7521582396903e-05	-1.23773398403082	0.24074136696886	-5.15058097882358	2.59680778125153e-07	4.7521582396903e-05
"Nes"	4213.75263247847	-1.324595065798	0.125080321810709	-10.5899556910526	3.31748847396373e-26	1.53798765652959e-22	-1.25024726067201	0.118046423268784	-10.5899556910526	3.31748847396373e-26	1.53798765652959e-22
"Ildr2"	789.948152022944	-1.75296936930053	0.314283925559527	-5.57766155612215	2.43773350771368e-08	6.64784267162388e-06	-1.27131399684456	0.228394082745825	-5.57766155612215	2.43773350771368e-08	6.64784267162388e-06
"Edil3"	92.2361655217787	-2.09880892497197	0.394524923762218	-5.31983861743786	1.03859338340273e-07	2.29281853593098e-05	-1.31406012766458	0.247016480077395	-5.31983861743786	1.03859338340273e-07	2.29281853593098e-05
"H2.M2"	1859.33356821623	-2.59690076760271	0.481919914469714	-5.38865626762952	7.09864247786371e-08	1.61849048495293e-05	-1.3408057806565	0.255970194475547	-5.38865626762952	7.09864247786371e-08	1.61849048495293e-05
"Lilra5"	2176.67592206178	-1.53304399776138	0.180326589382602	-8.50148612586852	1.87178752525207e-17	2.89253565568954e-14	-1.36422009187695	0.160448886864482	-8.50148612586852	1.87178752525207e-17	2.89253565568954e-14
"Tmem119"	2210.8455052868	-1.64667648108256	0.168892982844126	-9.74982177088017	1.84792413409296e-22	5.14018577139297e-19	-1.48545566298125	0.152323313300228	-9.74982177088017	1.84792413409296e-22	5.14018577139297e-19
"Capn3"	99.2962010437202	-2.17843399027037	0.34618679350323	-6.29265480703569	3.12081831463408e-10	1.4001400361268e-07	-1.494403200954	0.236443415875575	-6.29265480703569	3.12081831463408e-10	1.4001400361268e-07
"Ppp1r9a"	392.700198430264	-1.82177753745011	0.2309158354038	-7.8893573247776	3.03746668422849e-15	3.84046242220453e-12	-1.51403487950373	0.191633330910164	-7.8893573247776	3.03746668422849e-15	3.84046242220453e-12
"Mmp13"	6543.38933314974	-2.04610362361357	0.234145786422495	-8.73858827389514	2.36041427453767e-18	4.10358021628375e-15	-1.69182531028381	0.19374522603151	-8.73858827389514	2.36041427453767e-18	4.10358021628375e-15
"Peg10"	185.176508087449	-2.31972292483182	0.302661862949903	-7.66440443544016	1.79662921658267e-14	1.9221168572486e-11	-1.71739284186064	0.22334747778333	-7.66440443544016	1.79662921658267e-14	1.9221168572486e-11
"Igf2bp3"	104.938378504042	-3.17331295597641	0.409174952734876	-7.75539395744136	8.80696436612621e-15	1.02072717003403e-11	-1.92401753286655	0.247760895411119	-7.75539395744136	8.80696436612621e-15	1.02072717003403e-11
"Tcim"	1590.71296245379	-2.48865829542207	0.180121285660093	-13.8165696869298	2.02491676833142e-43	2.81625424139534e-39	-2.21491024175749	0.160133595092616	-13.8165696869298	2.02491676833142e-43	2.81625424139534e-39
