"baseMean"	"log2FoldChange.x"	"lfcSE.x"	"stat.x"	"pvalue.x"	"padj.x"	"log2FoldChange.y"	"lfcSE.y"	"stat.y"	"pvalue.y"	"padj.y"
"Cspg4"	507.794626056723	2.04136374236553	0.18519238737946	11.0229355064297	2.96237776476868e-28	1.03401795879251e-24	1.56175551171862	0.141329500650737	11.0229355064297	2.96237776476868e-28	1.03401795879251e-24
"Cd226"	163.376417515075	2.00103334618011	0.256011965857619	7.81617116792497	5.44543157001253e-15	3.80145577902575e-12	1.26064361034631	0.160890823490989	7.81617116792497	5.44543157001253e-15	3.80145577902575e-12
"AA467197"	400.058763622543	1.54511241097554	0.182114133047421	8.48430808263086	2.17006107365812e-17	2.01989284736098e-14	1.19200422365066	0.14023296402124	8.48430808263086	2.17006107365812e-17	2.01989284736098e-14
"Gm21188"	750.271125254845	1.45183458706501	0.165167044980477	8.79009845600019	1.49428956019356e-18	1.60486698764788e-15	1.16747382527131	0.132702642064647	8.79009845600019	1.49428956019356e-18	1.60486698764788e-15
"Cd109"	205.104399565682	1.77090997937145	0.267951869600334	6.60905998533567	3.86767991258476e-11	1.63638021028814e-08	1.07583515786425	0.163075564997609	6.60905998533567	3.86767991258476e-11	1.63638021028814e-08
"S100a4"	2728.18418039968	1.14637125826681	0.128211151554698	8.94127573433221	3.84703157236239e-19	4.47602123444364e-16	0.999811676422664	0.111802503147538	8.94127573433221	3.84703157236239e-19	4.47602123444364e-16
"Dpysl3"	1290.2721061963	1.14899645948107	0.134051779674877	8.57128836534504	1.02333640647782e-17	1.02055877908881e-14	0.990293546872927	0.11548733946407	8.57128836534504	1.02333640647782e-17	1.02055877908881e-14
"S100a6"	1448.75155203716	1.1864939179099	0.162577204664151	7.2980336964271	2.92003518814676e-13	1.85316051349568e-10	0.95999732060961	0.131533563538771	7.2980336964271	2.92003518814676e-13	1.85316051349568e-10
"Hp"	164.044879373712	2.88398443513699	0.461219568555662	6.25295332582779	4.02762537076804e-10	1.37155379089423e-07	0.928813948382998	0.160333447077941	6.25295332582779	4.02762537076804e-10	1.37155379089423e-07
"Kcnn4"	1015.85721386786	1.00132802572568	0.166790300394933	6.00351473289931	1.93091236182567e-09	5.73604221187447e-07	0.80219782280715	0.133607509451311	6.00351473289931	1.93091236182567e-09	5.73604221187447e-07
"Nt5dc2"	696.607808887178	0.898492683452681	0.154664258498451	5.80931038738779	6.27306951087741e-09	1.68431916367058e-06	0.740536873534487	0.127425219758363	5.80931038738779	6.27306951087741e-09	1.68431916367058e-06
"Tnfsf9"	1774.0732220489	0.871527613166278	0.149985230536542	5.81075623278749	6.21912650688631e-09	1.68431916367058e-06	0.72592351073251	0.124918413826596	5.81075623278749	6.21912650688631e-09	1.68431916367058e-06
"Rnd1"	190.175767956856	1.05160615767037	0.235989493476037	4.45615667960723	8.34420583828087e-06	0.000947169121252663	0.702328328388611	0.157544336865023	4.45615667960723	8.34420583828087e-06	0.000947169121252663
"Tspan32"	487.359726440993	0.880292865264892	0.169123315119433	5.20503553660379	1.939594854549e-07	3.67178602277991e-05	0.701397119201781	0.134690262866067	5.20503553660379	1.939594854549e-07	3.67178602277991e-05
"Cd207"	445.367838409225	0.960913267049808	0.20690161577531	4.6443004490276	3.41230681022891e-06	0.000449458751739775	0.695153218839577	0.149690561027996	4.6443004490276	3.41230681022891e-06	0.000449458751739775
"Igf2r"	377.190340591622	0.899631010046829	0.186493269422822	4.8239328573685	1.40754816920099e-06	0.000211313844498755	0.686707685717888	0.142269606236957	4.8239328573685	1.40754816920099e-06	0.000211313844498755
"Aplnr"	106.217245089644	1.2464637102514	0.314489749827977	3.96344781008986	7.38750195601763e-05	0.00576225152569375	0.660510795023279	0.167094735938049	3.96344781008986	7.38750195601763e-05	0.00576225152569375
"Plscr1"	487.075350437251	0.834707239725319	0.177933252473944	4.6911256222192	2.71706074065331e-06	0.000374814756222332	0.650859383254376	0.138711474816821	4.6911256222192	2.71706074065331e-06	0.000374814756222332
"Fgfr1"	1107.43481048058	0.742806505489786	0.132947021314225	5.58723691698317	2.30710883647024e-08	5.75211670978526e-06	0.641725531976679	0.114829419300588	5.58723691698317	2.30710883647024e-08	5.75211670978526e-06
"Id3"	1369.2324890114	0.747563428514982	0.136248847827065	5.48675046018616	4.09394815050559e-08	9.37044329137034e-06	0.641450298964957	0.116887787740457	5.48675046018616	4.09394815050559e-08	9.37044329137034e-06
"Scand1"	489.259184098929	0.815431064185108	0.174967811415637	4.66046330229305	3.15498410748711e-06	0.000423556616430144	0.64054642434102	0.137400691550359	4.66046330229305	3.15498410748711e-06	0.000423556616430144
"Adora2b"	395.435492288609	0.880738985860468	0.209532502665124	4.20335258090279	2.62990454779984e-05	0.00238433294132346	0.632754819230331	0.150537729150575	4.20335258090279	2.62990454779984e-05	0.00238433294132346
"Atp8b4"	902.798353469662	0.757216545072833	0.148592797330074	5.09591688613818	3.4705737721613e-07	6.0570188758645e-05	0.632695522936338	0.124129672921689	5.09591688613818	3.4705737721613e-07	6.0570188758645e-05
"Dach1"	85.9242577115975	1.29208460181341	0.344752745387214	3.74785877444483	0.000178350621510213	0.0122547162788023	0.624914320000587	0.167470373698489	3.74785877444483	0.000178350621510213	0.0122547162788023
"Dpep2"	1230.96726802478	0.714295190319226	0.129199134574712	5.52863757695042	3.22727283944412e-08	7.50986389738647e-06	0.621782062002287	0.112447052202972	5.52863757695042	3.22727283944412e-08	7.50986389738647e-06
"Ikbke"	216.662689422798	0.895351730062913	0.222564502703406	4.02288648543419	5.74892082666551e-05	0.00472155485775905	0.621002806645406	0.154282203894358	4.02288648543419	5.74892082666551e-05	0.00472155485775905
"Cgnl1"	143.654454121879	1.06383110592625	0.286353270052793	3.71510025267084	0.000203123145991728	0.0133773837940401	0.613491695473585	0.165362187305356	3.71510025267084	0.000203123145991728	0.0133773837940401
"Rnd3"	2003.40788542546	0.704470533921381	0.136597020119408	5.15729064444861	2.50548738219389e-07	4.54306686106378e-05	0.604017703438715	0.117110954468898	5.15729064444861	2.50548738219389e-07	4.54306686106378e-05
"Syp"	203.081600907447	0.911079181738483	0.244933025397376	3.71970737821231	0.000199453725168732	0.0132271331771552	0.593175258169234	0.159505327938629	3.71970737821231	0.000199453725168732	0.0132271331771552
"Olfm1"	1833.6247215252	0.688980355330077	0.135895363459782	5.06993276142183	3.97956269569867e-07	6.8595869576969e-05	0.591599320317628	0.116679114875581	5.06993276142183	3.97956269569867e-07	6.8595869576969e-05
"Rarb"	61.5249730120614	1.53174363817351	0.420371331753872	3.64378710551638	0.000268655663636289	0.0166709794475105	0.588896495503436	0.163756471942493	3.64378710551638	0.000268655663636289	0.0166709794475105
"Kirrel"	240.642470869644	0.885808941145322	0.242071863183204	3.65928088253251	0.000252923999679757	0.0158355375942994	0.581514514161893	0.158947229066989	3.65928088253251	0.000252923999679757	0.0158355375942994
"Tk1"	211.220083839908	0.871070097736597	0.239765585684652	3.6330071942946	0.000280137204464284	0.0170055462988275	0.575686112866807	0.15845073480402	3.6330071942946	0.000280137204464284	0.0170055462988275
"Dock5"	443.586754056455	0.730754159257416	0.175560177931566	4.16241409565139	3.14900623644188e-05	0.00274790156707509	0.573240698634564	0.137674350482119	4.16241409565139	3.14900623644188e-05	0.00274790156707509
"Cyp2s1"	99.301351106478	1.63356595951058	0.448942743114043	3.63869554540412	0.00027402251963243	0.0168541956788898	0.572410963274473	0.160964605122082	3.63869554540412	0.00027402251963243	0.0168541956788898
"Lyz1"	1997.49560201953	0.718079783295178	0.171102202069423	4.196788671392	2.70726330148933e-05	0.00242300065483295	0.56940518935204	0.135691014887436	4.196788671392	2.70726330148933e-05	0.00242300065483295
"Ass1"	226.99027556107	0.86055734552827	0.242878730666024	3.5431564681207	0.000395368047808572	0.0216475634647188	0.563614355574788	0.159113678168734	3.5431564681207	0.000395368047808572	0.0216475634647188
"Ccl17"	193.729099408202	0.861709190965351	0.244875970960346	3.51896181395802	0.000433239061291314	0.0227401645629674	0.561151929066898	0.159501147798089	3.51896181395802	0.000433239061291314	0.0227401645629674
"Mamdc2"	428.443772059739	0.872750985359126	0.250206954436707	3.48811641676371	0.00048643623168593	0.0248777387062233	0.55956125391213	0.16057344703559	3.48811641676371	0.00048643623168593	0.0248777387062233
"Arhgef10"	248.293604725806	0.829020444888789	0.232597256735563	3.56418840240791	0.00036498373915964	0.0204869972925919	0.558956026331389	0.156858278544545	3.56418840240791	0.00036498373915964	0.0204869972925919
"Sdf2l1"	1110.66021781108	0.63108927981755	0.127702014319679	4.94188978286383	7.73689521157542e-07	0.000125607594120949	0.551005221265718	0.111479707006059	4.94188978286383	7.73689521157542e-07	0.000125607594120949
"Ddit4"	115.80172111814	0.995636457008729	0.302804621873538	3.28804907550104	0.00100884252023234	0.0434736397144567	0.54688398024843	0.166584974830196	3.28804907550104	0.00100884252023234	0.0434736397144567
"Sdc1"	146.646197336901	1.31713198103096	0.394896191381313	3.33538790643624	0.000851804872744186	0.0378754765390265	0.545189753764031	0.165376510024497	3.33538790643624	0.000851804872744186	0.0378754765390265
"Cdc42ep4"	1077.57738828912	0.745582614964466	0.203578570356816	3.66238260568226	0.000249880274418238	0.0157154432046281	0.544276410224497	0.14865630388555	3.66238260568226	0.000249880274418238	0.0157154432046281
"Alcam"	1773.01975491121	0.608946379294425	0.115936150583164	5.25242882596496	1.50106476797336e-07	2.99398089863487e-05	0.543805231132378	0.103524439954539	5.25242882596496	1.50106476797336e-07	2.99398089863487e-05
"Rai14"	388.869005295224	0.703635247461983	0.183044539403681	3.84406576538297	0.000121012553073762	0.00884595427233435	0.541785976485806	0.140901227357038	3.84406576538297	0.000121012553073762	0.00884595427233435
"Slc2a6"	548.399568432864	0.713774503069757	0.192631373068931	3.70539072477224	0.000211065112688514	0.0137705191745656	0.536266193602962	0.144726996171999	3.70539072477224	0.000211065112688514	0.0137705191745656
"Tiam2"	37.4898269271508	1.81683754104955	0.513562686945161	3.53771328648639	0.000403608064378918	0.0216737530571479	0.532586500416978	0.154811236359935	3.53771328648639	0.000403608064378918	0.0216737530571479
"Gbp2"	675.522612472281	0.642288982770416	0.163439369265304	3.92983028298291	8.5005839700503e-05	0.0064502800755349	0.518768337975134	0.13198586443543	3.92983028298291	8.5005839700503e-05	0.0064502800755349
"Sgk1"	3044.33699454023	0.568803660791638	0.105659340683944	5.38337317940574	7.31027586699924e-08	1.52337420380662e-05	0.517339483980033	0.0960942455846506	5.38337317940574	7.31027586699924e-08	1.52337420380662e-05
"Rgs18"	426.534133600328	0.694013633031338	0.200864773824096	3.45512864111808	0.000550030321220992	0.0270486817390394	0.510368599874007	0.147703506902213	3.45512864111808	0.000550030321220992	0.0270486817390394
"Dhx40"	2994.50586381567	0.573614726311142	0.122370066878567	4.68754116871051	2.76507089893283e-06	0.000374814756222332	0.506079844816656	0.107958841785255	4.68754116871051	2.76507089893283e-06	0.000374814756222332
"Fyn"	878.640474518106	0.580225779596491	0.129159662272341	4.49231415899067	7.0453390363128e-06	0.000826613643907557	0.505128854261952	0.112423308201807	4.49231415899067	7.0453390363128e-06	0.000826613643907557
"Adam8"	770.189363189951	0.590510310024276	0.14076638352192	4.19496683263391	2.72911519662281e-05	0.00242700040606673	0.501865001251384	0.119616934389212	4.19496683263391	2.72911519662281e-05	0.00242700040606673
"Crtap"	406.838246442812	0.64336434450225	0.178307894223508	3.60816523185336	0.00030837008418193	0.0181665110352241	0.501312648529754	0.138896406458464	3.60816523185336	0.00030837008418193	0.0181665110352241
"Acvr2a"	666.732276305524	0.588041587459428	0.142506966793283	4.12640589222861	3.68476687799595e-05	0.00317572315744318	0.497926928611114	0.120641895611577	4.12640589222861	3.68476687799595e-05	0.00317572315744318
"Ptk2"	382.147992974727	0.663267161238818	0.19650083967625	3.37539097711543	0.000737108906596023	0.0343050485129789	0.493432698597806	0.146152259354273	3.37539097711543	0.000737108906596023	0.0343050485129789
"Mid1"	2126.26899103896	0.553832277181497	0.117590697152883	4.7098307144267	2.47922625440553e-06	0.000349646029939495	0.493071176175784	0.104683973221448	4.7098307144267	2.47922625440553e-06	0.000349646029939495
"Cox5a"	977.480684525973	0.589461688759726	0.148586527445436	3.96712743001676	7.27441026328175e-05	0.00570591663460336	0.492537693797433	0.124142374970979	3.96712743001676	7.27441026328175e-05	0.00570591663460336
"X2310022A10Rik"	822.099677283904	0.61643689751801	0.170292937615665	3.61986178727651	0.000294760418606533	0.0175873716435231	0.48979617201491	0.135303090110165	3.61986178727651	0.000294760418606533	0.0175873716435231
"Tiam1"	842.128557936819	0.568765857585936	0.135469110424089	4.19849112321918	2.68699384332847e-05	0.00242037471229368	0.488821972440993	0.116408561514419	4.19849112321918	2.68699384332847e-05	0.00242037471229368
"Emb"	1742.81448370243	0.570338132367494	0.139572417077951	4.08632410549257	4.38261458430505e-05	0.00366407573808785	0.485954330969026	0.118919216222317	4.08632410549257	4.38261458430505e-05	0.00366407573808785
"Cfp"	7077.53514021829	0.519848467883509	0.100559554189901	5.16955819933139	2.34648053229974e-07	4.31073173578539e-05	0.476876411234464	0.0922458801618519	5.16955819933139	2.34648053229974e-07	4.31073173578539e-05
"Cxcl1"	4841.27817807928	0.558229200042065	0.143796320492909	3.88208264389903	0.000103565665576958	0.00769140331268874	0.471358445547796	0.121421756471523	3.88208264389903	0.000103565665576958	0.00769140331268874
"Atp2a3"	992.578728950605	0.549935901091029	0.147361207729177	3.73189056716819	0.000190048065069337	0.0128073692188828	0.460741553784394	0.123454609891827	3.73189056716819	0.000190048065069337	0.0128073692188828
"Gda"	2623.39120725908	0.51053356981041	0.115070252750004	4.43671198775908	9.13433772379351e-06	0.00102026898639684	0.456651009936153	0.102921395074865	4.43671198775908	9.13433772379351e-06	0.00102026898639684
"Atp5k"	525.330833485037	0.574950020088068	0.177489781773546	3.2393415234553	0.00119806023723303	0.0486259216053709	0.448879751887111	0.138558698854056	3.2393415234553	0.00119806023723303	0.0486259216053709
"X4930523C07Rik"	543.249934220999	0.56484256404289	0.172070926873728	3.28261475837456	0.00102849113702775	0.0437798574853095	0.446897974605722	0.136122868066172	3.28261475837456	0.00102849113702775	0.0437798574853095
"Tcea3"	26.0345495944159	2.16290171573374	0.647398847618737	3.34091066687765	0.000835040863151583	0.0372486917933623	0.440744713412962	0.139698530259609	3.34091066687765	0.000835040863151583	0.0372486917933623
"Ccl9"	13724.2512333577	0.473401040497287	0.0941468389725218	5.02832644902137	4.94779033617635e-07	8.42451813093831e-05	0.438747840951308	0.0872548867736953	5.02832644902137	4.94779033617635e-07	8.42451813093831e-05
"Srgap3"	525.74948217179	0.542909290805929	0.164030798171285	3.30980094505794	0.000933623408240176	0.0407351563307792	0.437878862968447	0.132281736287726	3.30980094505794	0.000933623408240176	0.0407351563307792
"Hmgn3"	24.5939692720488	2.2605832562003	0.671851421155422	3.36470711383277	0.000766249506840777	0.0351330976255579	0.432686280615055	0.137138281653334	3.36470711383277	0.000766249506840777	0.0351330976255579
"Samsn1"	1387.83607206647	0.503603188676187	0.140838893979908	3.57573944558263	0.000349239354684766	0.019963563067556	0.427943741222117	0.11967593119433	3.57573944558263	0.000349239354684766	0.019963563067556
"Lamtor4"	828.981090606596	0.513431822025168	0.14986857256178	3.42588051149628	0.000612809904385769	0.0295036271897728	0.427793222379719	0.124860058077797	3.42588051149628	0.000612809904385769	0.0295036271897728
"Cfap65"	16.4653768315223	5.02044516303199	1.14422672843375	4.38763143551463	1.14591745412195e-05	0.00125978736176777	0.427461889466421	0.116500314640242	4.38763143551463	1.14591745412195e-05	0.00125978736176777
"Anxa1"	7414.19742758124	0.491853837340147	0.146615986874585	3.35470809033176	0.000794487734059196	0.0358985040224417	0.412770863197424	0.123046350918267	3.35470809033176	0.000794487734059196	0.0358985040224417
"Ybx3"	927.732965358984	0.48417513694973	0.142647477788063	3.39420748587709	0.000688275244337902	0.0324651991940736	0.409839081791772	0.120740114851158	3.39420748587709	0.000688275244337902	0.0324651991940736
"X1700025G04Rik"	753.203930292146	0.474870221409886	0.134810125134997	3.52251153935477	0.000427478431637917	0.0225224674057683	0.408685459812941	0.116005371157442	3.52251153935477	0.000427478431637917	0.0225224674057683
"Tmsb10"	3725.33794287679	0.465975393346012	0.126041199150737	3.69700856930706	0.000218154981133665	0.0140235524503751	0.408185245656246	0.110409190289597	3.69700856930706	0.000218154981133665	0.0140235524503751
"H13"	2201.27336278756	0.460974310982621	0.123526998698946	3.73176970085774	0.00019013929389537	0.0128073692188828	0.405795490231022	0.108737164120819	3.73176970085774	0.00019013929389537	0.0128073692188828
"Pid1"	5544.14094654876	0.433126026804515	0.0913072947128897	4.74360814397639	2.09944781581048e-06	0.000302190622725216	0.403175935304666	0.0849919046580144	4.74360814397639	2.09944781581048e-06	0.000302190622725216
"Igsf9"	1144.26461553601	0.467058046464015	0.137058149002538	3.40773642328532	0.000655041349166372	0.031107779990003	0.400094959776123	0.117396446421332	3.40773642328532	0.000655041349166372	0.031107779990003
"Selplg"	3205.49201029948	0.427872530923785	0.0977636316063141	4.37660225887262	1.20543650968473e-05	0.00131486754282955	0.394290304367927	0.0900883662728224	4.37660225887262	1.20543650968473e-05	0.00131486754282955
"Sgms1"	2225.29775866435	0.461366693503434	0.141161488237753	3.26836093372983	0.00108172321772576	0.0448160817978843	0.391789105726034	0.119872348550688	3.26836093372983	0.00108172321772576	0.0448160817978843
"Lgals1"	4593.88458748548	0.434272996704294	0.113279451390194	3.83364318395601	0.000126259251491923	0.00913384284627059	0.389710239958314	0.101654163226075	3.83364318395601	0.000126259251491923	0.00913384284627059
"Sh3bgrl3"	9477.1587321417	0.419796955163354	0.0963188107376896	4.35841090590923	1.31010235197839e-05	0.00140704992602479	0.387743348108286	0.0889638384014563	4.35841090590923	1.31010235197839e-05	0.00140704992602479
"Scgb1a1"	3924.13984951565	3.45597803585275	0.820523911368331	4.21191629880652	2.53213376425972e-05	0.00231069618409112	0.379440889179479	0.11728378976418	4.21191629880652	2.53213376425972e-05	0.00231069618409112
"Ccnd1"	4259.07671400792	0.417616629482176	0.112288193580712	3.71914994947352	0.000199894363298936	0.0132271331771552	0.375436436749408	0.10094510027872	3.71914994947352	0.000199894363298936	0.0132271331771552
"Mt2"	3762.46085817715	0.406585806516499	0.102070615794181	3.98337761904322	6.79426667553436e-05	0.00542066007564633	0.372046982215806	0.0933979863291423	3.98337761904322	6.79426667553436e-05	0.00542066007564633
"Trem2"	5067.77821224771	0.414412504561305	0.124696646479769	3.32336527292689	0.000889383723911768	0.0391721626285681	0.363977735844736	0.109520898859403	3.32336527292689	0.000889383723911768	0.0391721626285681
"Kcnab2"	1417.30307285698	0.396369034811089	0.112003501069002	3.53889861502542	0.000401800138826382	0.0216737530571479	0.356517442973622	0.100736678914723	3.53889861502542	0.000401800138826382	0.0216737530571479
"Atp13a2"	3721.01016877199	0.390589419336823	0.106459841416641	3.66888973475184	0.000243606112244572	0.0153901743853335	0.35476349309777	0.0966929178375392	3.66888973475184	0.000243606112244572	0.0153901743853335
"Eif4ebp3"	13.9214120752117	4.734616123871	1.19125511570719	3.97447705486687	7.05340613183963e-05	0.00559543502345142	0.352136614621578	0.108935291249528	3.97447705486687	7.05340613183963e-05	0.00559543502345142
"Ap2s1"	1623.75725272395	0.397377509883379	0.121478527096138	3.27117490952863	0.00107101646806959	0.0446374087378735	0.351190016126258	0.107356445554375	3.27117490952863	0.00107101646806959	0.0446374087378735
"Ptgs2"	6839.27612685201	0.36617538851894	0.101476603505182	3.6084710748152	0.000308006847078349	0.0181665110352241	0.335400758988883	0.0929473724094695	3.6084710748152	0.000308006847078349	0.0181665110352241
"Spata18"	12.0943334117732	6.07099993012507	1.48822641462442	4.07935235557366	4.51613415922344e-05	0.00375323006732605	0.333661190137227	0.104058143022305	4.07935235557366	4.51613415922344e-05	0.00375323006732605
"Gpx1"	12040.0506249663	0.361299157335947	0.0992289402728684	3.64106636977494	0.0002715111259959	0.0167736209785608	0.332156311705103	0.091224934426606	3.64106636977494	0.0002715111259959	0.0167736209785608
"Emilin2"	3300.98266214594	0.355408960547537	0.10562020156777	3.36497142849603	0.000765515856459269	0.0351330976255579	0.323274542241958	0.0960688939899013	3.36497142849603	0.000765515856459269	0.0351330976255579
"Pltp"	24219.5974270427	0.355656141367147	0.106224480172538	3.34815610101799	0.000813511754185346	0.0365217077554206	0.323163876446244	0.0965201616865162	3.34815610101799	0.000813511754185346	0.0365217077554206
"Mlec"	3788.93485598783	0.347999503277405	0.0967217143810732	3.59794597835936	0.000320740214922616	0.0187188546332916	0.321223358802852	0.0892781296480783	3.59794597835936	0.000320740214922616	0.0187188546332916
"Slamf9"	4407.77022449153	0.341780970213666	0.0913250065148152	3.74246861026198	0.000182221300725206	0.0124106039059772	0.318137824465026	0.0850064947556997	3.74246861026198	0.000182221300725206	0.0124106039059772
"Thbd"	3216.2542741921	0.348625278107222	0.106171293116728	3.28361149113945	0.00102486098019495	0.0437798574853095	0.316804301406023	0.0964789202114303	3.28361149113945	0.00102486098019495	0.0437798574853095
"Lat2"	2466.07127590229	0.344399672451557	0.10578157499775	3.25576238072541	0.00113088352447698	0.0463032133980867	0.313171408245452	0.0961885363845513	3.25576238072541	0.00113088352447698	0.0463032133980867
"Cyp2f2"	488.591164579836	2.99504656141416	0.874720212436862	3.42400520627085	0.000617054387879908	0.0295965027065954	0.310804265028686	0.112112770884053	3.42400520627085	0.000617054387879908	0.0295965027065954
"Mgl2"	16120.9130517169	0.328196680142059	0.0844351060865121	3.88696947695889	0.000101503511620158	0.0075785670012869	0.308593621696571	0.0793915823690191	3.88696947695889	0.000101503511620158	0.0075785670012869
"Xdh"	3396.64332351106	0.331493775289756	0.0938363066063131	3.53268140316441	0.000411367893043958	0.0219218264224418	0.307378906893677	0.0870081973167927	3.53268140316441	0.000411367893043958	0.0219218264224418
"Cited2"	2574.56007754761	0.334620766198766	0.102454522361026	3.26604193243554	0.00109062098260815	0.0450510359738905	0.306000328073441	0.0936893176114931	3.26604193243554	0.00109062098260815	0.0450510359738905
"Phlda1"	3065.38221386098	0.323906447348609	0.0972340563678877	3.33120368981728	0.000864713041679451	0.038327376152154	0.298741116919294	0.0896776314588906	3.33120368981728	0.000864713041679451	0.038327376152154
"Gm2a"	7781.02677601173	0.31288091898179	0.0942685161567973	3.31903939658256	0.000903276847555118	0.039658966495486	0.289923058082304	0.0873513221203453	3.31903939658256	0.000903276847555118	0.039658966495486
"Map1a"	10.7181019502359	5.89461254088806	1.55821968442447	3.78291495083073	0.00015500238892245	0.0109854992595698	0.269300917329534	0.0954169373697819	3.78291495083073	0.00015500238892245	0.0109854992595698
"Alox15"	10.1470835078561	6.79916993168119	1.57351610681774	4.3210043432169	1.55320616242412e-05	0.00158675146173298	0.266383939433199	0.0936036589946093	4.3210043432169	1.55320616242412e-05	0.00158675146173298
"Ubxn10"	10.1441996292442	4.89336663958934	1.44653043416868	3.38283006288877	0.000717430105745208	0.0335008666769719	0.254454306602077	0.0949138247499858	3.38283006288877	0.000717430105745208	0.0335008666769719
"Apod"	12.9815650704423	5.22911051066643	1.49811815861649	3.49045265928524	0.000482203036576989	0.0247519073407644	0.230257329541951	0.0903050920942585	3.49045265928524	0.000482203036576989	0.0247519073407644
"Cckar"	8.65749261862986	6.56845823106419	1.66038654683867	3.95598136082851	7.62211040814832e-05	0.00591221697325372	0.214085366023356	0.0852396730021375	3.95598136082851	7.62211040814832e-05	0.00591221697325372
"Spag17"	6.53561969102667	6.16306380561038	1.74272518367427	3.53645191068881	0.000405540325848679	0.0216940767413764	0.17663888112578	0.0783472513181318	3.53645191068881	0.000405540325848679	0.0216940767413764
"Lamp2"	11221.2782140135	-0.29606990929816	0.0901883647218857	-3.2827949615358	0.00102783394698914	0.0437798574853095	-0.276061832796363	0.0840932917657461	-3.2827949615358	0.00102783394698914	0.0437798574853095
"Olfml3"	5020.90566542072	-0.301143958455926	0.0920371344163036	-3.27198320944878	0.00106795918291367	0.0446374087378735	-0.280008508629026	0.0855770287468802	-3.27198320944878	0.00106795918291367	0.0446374087378735
"Pla2g7"	6486.84181553954	-0.301205310041911	0.091306453930512	-3.29883920660351	0.000970855046455156	0.0420965160205183	-0.28037790674749	0.0849921906165369	-3.29883920660351	0.000970855046455156	0.0420965160205183
"Creg1"	3138.25008261715	-0.330345556547441	0.0928943402666997	-3.55614298566542	0.00037633930617146	0.0209700997265161	-0.306759116840113	0.0862598347192941	-3.55614298566542	0.00037633930617146	0.0209700997265161
"Lpl"	8980.2622074788	-0.335046319611093	0.0956894841568596	-3.5013912193514	0.000462835874906032	0.0240974532477075	-0.309773394216892	0.0884708086482942	-3.5013912193514	0.000462835874906032	0.0240974532477075
"Cd300a"	2321.25243713064	-0.339925297857096	0.101212083668663	-3.35854460787414	0.000783540738239315	0.0355707464529105	-0.31149431058853	0.0927438024319491	-3.35854460787414	0.000783540738239315	0.0355707464529105
"F13a1"	16578.9847683553	-0.337375898868999	0.0964581090465657	-3.49764164157654	0.000469391386308847	0.0242727501320152	-0.311547759634303	0.0890733921025802	-3.49764164157654	0.000469391386308847	0.0242727501320152
"Atf3"	29302.9163939277	-0.344838080824476	0.0872569450093035	-3.95198434677845	7.75058115719082e-05	0.00597865271362973	-0.322930079220473	0.0817133051222431	-3.95198434677845	7.75058115719082e-05	0.00597865271362973
"Notch2"	7803.48896812904	-0.361120426901134	0.108064063150645	-3.34172542076009	0.000832593791962535	0.0372486917933623	-0.32708642359319	0.0978786302838452	-3.34172542076009	0.000832593791962535	0.0372486917933623
"Gatm"	3333.09285456766	-0.357695881537815	0.0999891859461245	-3.57734567146637	0.000347101026903419	0.0199433108544261	-0.328438432502648	0.0918083308030485	-3.57734567146637	0.000347101026903419	0.0199433108544261
"Mef2d"	4340.9417281276	-0.367927457558371	0.112572013522685	-3.26837413709606	0.0010816727505789	0.0448160817978843	-0.330597509330245	0.10114895074864	-3.26837413709606	0.0010816727505789	0.0448160817978843
"Itga9"	3734.67669447516	-0.35578143946001	0.0909556065917231	-3.91159437875033	9.16888122151817e-05	0.00691977943863982	-0.331356835996097	0.0847094289131923	-3.91159437875033	9.16888122151817e-05	0.00691977943863982
"Arhgef12"	2502.70405928886	-0.362771828703265	0.100756404376763	-3.60048406795797	0.000317625291977925	0.0186331274226714	-0.332681133814352	0.0923955243956196	-3.60048406795797	0.000317625291977925	0.0186331274226714
"Crybg3"	1960.78264209112	-0.370838884431012	0.110337837394044	-3.36094030107417	0.000776776130123939	0.0354423147999687	-0.334550261753043	0.0995359981855823	-3.36094030107417	0.000776776130123939	0.0354423147999687
"C3ar1"	14199.9240331815	-0.370292043261498	0.108172609562418	-3.42315901187383	0.000618978569712496	0.0295965027065954	-0.335328619993481	0.0979587929097791	-3.42315901187383	0.000618978569712496	0.0295965027065954
"Tbc1d9"	2356.38518483601	-0.369514497742418	0.0990834433339427	-3.72932636683847	0.000191992350197062	0.0128258238921119	-0.339791714423014	0.091109931947753	-3.72932636683847	0.000191992350197062	0.0128258238921119
"Rxra"	1827.85984250508	-0.378997669714204	0.110975921150212	-3.41513425422447	0.00063750581247998	0.0303783486479368	-0.341524971249432	0.099997615379767	-3.41513425422447	0.00063750581247998	0.0303783486479368
"Vps13d"	2436.85367817832	-0.396231120374749	0.120847474882257	-3.27877037365325	0.00104260435286361	0.0441116423475205	-0.350613839192419	0.106929115016864	-3.27877037365325	0.00104260435286361	0.0441116423475205
"Prkx"	1852.01875917703	-0.39125585899818	0.11028597281289	-3.54764843632454	0.000388686662564506	0.0214093805313792	-0.352998774288994	0.099497610481224	-3.54764843632454	0.000388686662564506	0.0214093805313792
"Ash1l"	2138.16444482658	-0.398642019525067	0.112113802240804	-3.5556908387501	0.000376987181732956	0.0209700997265161	-0.358497398842301	0.100817767832538	-3.5556908387501	0.000376987181732956	0.0209700997265161
"Ylpm1"	1579.11686454542	-0.409687675313878	0.123952804846419	-3.30519084115517	0.000949117497018758	0.0412821759918253	-0.360358393328704	0.10902090457612	-3.30519084115517	0.000949117497018758	0.0412821759918253
"Cd86"	5346.10319907652	-0.401839053676466	0.113509428900872	-3.54013809749137	0.000399917708830029	0.0216737530571479	-0.360453303260173	0.101818555828314	-3.54013809749137	0.000399917708830029	0.0216737530571479
"Nup153"	2081.67488696637	-0.40586254379442	0.117880166837169	-3.44300958069603	0.000575278933473807	0.028084071570494	-0.361147154054999	0.104888401114608	-3.44300958069603	0.000575278933473807	0.028084071570494
"Ecm1"	4223.20540522588	-0.409963804235525	0.118633513042133	-3.45571663287021	0.000548831967248421	0.0270486817390394	-0.364277938226189	0.105412191603303	-3.45571663287021	0.000548831967248421	0.0270486817390394
"Psd3"	2394.66293054998	-0.424029758803657	0.130002917287324	-3.26169418080437	0.0011074855198417	0.0454785671412641	-0.368535398105132	0.112983893419812	-3.26169418080437	0.0011074855198417	0.0454785671412641
"Cadm1"	1656.89332161493	-0.417955971976693	0.120969663237627	-3.45504782596346	0.000550195216579802	0.0270486817390394	-0.369743712680704	0.107009813621315	-3.45504782596346	0.000550195216579802	0.0270486817390394
"Kras"	1544.68381135259	-0.422071534172366	0.12299537851296	-3.43160482349256	0.000600021193253338	0.028987875087208	-0.371936443312487	0.108379050367837	-3.43160482349256	0.000600021193253338	0.028987875087208
"Ahnak"	59149.7414302291	-0.415550223655586	0.114468124447319	-3.63027022292859	0.000283124653458395	0.0171124952882516	-0.372104146226699	0.102501034512755	-3.63027022292859	0.000283124653458395	0.0171124952882516
"Sash1"	2512.67313631935	-0.423682062991584	0.12103253005628	-3.50056354927534	0.000464275528121567	0.0240974532477075	-0.374767842368296	0.107054674151675	-3.50056354927534	0.000464275528121567	0.0240974532477075
"Hivep3"	1763.02154303892	-0.415004566210962	0.109055686654061	-3.80543719400356	0.000141553931617193	0.010135261503791	-0.375242683388929	0.0986006392764302	-3.80543719400356	0.000141553931617193	0.010135261503791
"Arrdc4"	1099.47539592931	-0.423660628265762	0.118109455720992	-3.58701702314647	0.00033448249503616	0.0192977049408879	-0.376825652021522	0.105042089004169	-3.58701702314647	0.00033448249503616	0.0192977049408879
"Mapkapk3"	1497.52461699454	-0.436702045523665	0.133281513019845	-3.27653877592642	0.00105087881557954	0.0441938856118117	-0.377021047137105	0.115061097234928	-3.27653877592642	0.00105087881557954	0.0441938856118117
"Tanc2"	4276.02558041678	-0.428999340158971	0.123966488933992	-3.46060732902905	0.000538958339272001	0.0267791328573512	-0.377332810233926	0.109033862093531	-3.46060732902905	0.000538958339272001	0.0267791328573512
"Dst"	8479.64379005437	-0.42485531883723	0.115776246300403	-3.66962423133726	0.000242907269217311	0.0153901743853335	-0.37952731055853	0.10342281856582	-3.66962423133726	0.000242907269217311	0.0153901743853335
"Klf6"	24535.292803426	-0.411483346416137	0.0955872785823564	-4.30479194008657	1.67142745742974e-05	0.00169104856236478	-0.380504536730628	0.0883908596337304	-4.30479194008657	1.67142745742974e-05	0.00169104856236478
"Slc9a9"	2786.71207180351	-0.412514560141871	0.0970382685300449	-4.25105029583405	2.12770375830483e-05	0.00202203743615161	-0.38058312171987	0.0895233583090028	-4.25105029583405	2.12770375830483e-05	0.00202203743615161
"Pogz"	914.749784907006	-0.460718150222097	0.139729464924734	-3.29721544750969	0.000976485650776541	0.0422095747868175	-0.39244858997075	0.119009953588286	-3.29721544750969	0.000976485650776541	0.0422095747868175
"Acvrl1"	2611.70795967114	-0.461470264274652	0.13395115844658	-3.44506363085085	0.000570924975571135	0.0279693140664006	-0.397847442732477	0.115483019073981	-3.44506363085085	0.000570924975571135	0.0279693140664006
"Hpgds"	2822.75113453591	-0.444224379107623	0.11188392604991	-3.97040392477342	7.17508853230297e-05	0.00565980712361662	-0.399648677195848	0.100652872224647	-3.97040392477342	7.17508853230297e-05	0.00565980712361662
"Kif1b"	2137.67326163926	-0.440117039402019	0.104407065799932	-4.21539515577789	2.4934121074681e-05	0.00229033025292563	-0.401154981909254	0.0951587066752406	-4.21539515577789	2.4934121074681e-05	0.00229033025292563
"Plekhg5"	1685.70985450766	-0.455352666975757	0.122749658672915	-3.70960434349649	0.000207583393452013	0.0136069452552911	-0.401453156909141	0.10821340553904	-3.70960434349649	0.000207583393452013	0.0136069452552911
"Plxdc2"	3437.57834418014	-0.442080865974658	0.100202675279452	-4.41186689618567	1.02483111357897e-05	0.00113561047680869	-0.405778363246067	0.0919711566302492	-4.41186689618567	1.02483111357897e-05	0.00113561047680869
"Plekhm2"	1525.08716231692	-0.455324562420225	0.114124414478401	-3.98972090679508	6.61510855436395e-05	0.00536060979128508	-0.407975615811878	0.102249414837585	-3.98972090679508	6.61510855436395e-05	0.00536060979128508
"Hoga1"	19.7206045057846	-2.47964485888613	0.73209844777944	-3.38703744886668	0.000706517431145698	0.03310200125388	-0.411611793671982	0.131593238938944	-3.38703744886668	0.000706517431145698	0.03310200125388
"Abcc3"	4336.54017374276	-0.451341098132157	0.103932061449659	-4.34265511370396	1.40771029321022e-05	0.00148897356922736	-0.411714637379899	0.0948045631183817	-4.34265511370396	1.40771029321022e-05	0.00148897356922736
"Rnasel"	2808.15754028583	-0.464296748625819	0.116401538644173	-3.98875095667872	6.64221095754419e-05	0.00536060979128508	-0.414284594983756	0.10385812910488	-3.98875095667872	6.64221095754419e-05	0.00536060979128508
"Pag1"	1065.4893176383	-0.494929025691584	0.147113640725384	-3.36426332222629	0.000767482794427385	0.0351330976255579	-0.414921970905634	0.123317812649115	-3.36426332222629	0.000767482794427385	0.0351330976255579
"Cmtm4"	957.902065325186	-0.491662215856636	0.140305031500809	-3.50423794925558	0.000457915997271606	0.0239454050708096	-0.418300968641947	0.119353073847232	-3.50423794925558	0.000457915997271606	0.0239454050708096
"Kmt2e"	2869.99913490152	-0.471600629483453	0.11948206616737	-3.94704113019636	7.9122968465251e-05	0.00606986200940568	-0.41838440264813	0.105994416224534	-3.94704113019636	7.9122968465251e-05	0.00606986200940568
"Ston2"	703.427759555659	-0.512660674259762	0.157095307186227	-3.26337357520192	0.00110094291972454	0.0453432597203365	-0.420241297285981	0.128757138687237	-3.26337357520192	0.00110094291972454	0.0453432597203365
"Pde3b"	1750.9755341701	-0.473713445196119	0.113184131083884	-4.18533446923789	2.84746509744479e-05	0.00251622200572938	-0.42517738430169	0.101580762367587	-4.18533446923789	2.84746509744479e-05	0.00251622200572938
"Smcr8"	3068.97451910734	-0.494821570877224	0.131561724903572	-3.76113623654527	0.000169143268720894	0.0117491458601051	-0.428696662974131	0.113978550383526	-3.76113623654527	0.000169143268720894	0.0117491458601051
"Csf3r"	1683.32653098501	-0.510455285639444	0.143124103414438	-3.56652215428273	0.000361750240676056	0.0204869972925919	-0.431668093761933	0.121024382127506	-3.56652215428273	0.000361750240676056	0.0204869972925919
"Cask"	682.906209147852	-0.519817148453501	0.143983400031377	-3.6102574903789	0.000305893186327456	0.0181665110352241	-0.43876961272973	0.121510469140063	-3.6102574903789	0.000305893186327456	0.0181665110352241
"Zbed6"	1896.94302728591	-0.522990622780675	0.144383729045404	-3.62222686890302	0.000292077786955737	0.017577543368431	-0.441055857605468	0.121757965003578	-3.62222686890302	0.000292077786955737	0.017577543368431
"Ccl24"	690.639700073148	-0.526435743279035	0.145417052162777	-3.62017889545548	0.000294399398622101	0.0175873716435231	-0.442941274126252	0.122338523147744	-3.62017889545548	0.000294399398622101	0.0175873716435231
"Dmxl2"	773.803593996391	-0.540499763249958	0.15585769514176	-3.46790553240472	0.000524531645320398	0.0262489496368568	-0.444327953072709	0.128104858403808	-3.46790553240472	0.000524531645320398	0.0262489496368568
"Abcg1"	1620.7113853812	-0.500723837770736	0.110263912879795	-4.54113975001599	5.59509268682272e-06	0.000679292905160164	-0.451779552414278	0.099477272638399	-4.54113975001599	5.59509268682272e-06	0.000679292905160164
"Bmp2"	1366.42815263657	-0.526084666319547	0.133395370225282	-3.94380003916988	8.02005384765872e-05	0.00611890665688585	-0.45407084823568	0.11512803434203	-3.94380003916988	8.02005384765872e-05	0.00611890665688585
"St3gal6"	2162.56634563536	-0.513158164789952	0.120727633108982	-4.2505443996133	2.13251555968149e-05	0.00202203743615161	-0.454173740423189	0.10684407400531	-4.2505443996133	2.13251555968149e-05	0.00202203743615161
"Dyrk2"	2403.06120458245	-0.578580061186933	0.174033184606177	-3.32453872229146	0.000885649337038663	0.0391311267206766	-0.455563716532038	0.137041604445381	-3.32453872229146	0.000885649337038663	0.0391311267206766
"Lrp6"	4494.80759073934	-0.504939941889415	0.0970214541207462	-5.20441531685355	1.94608340986759e-07	3.67178602277991e-05	-0.465867765698769	0.0895105458702881	-5.20441531685355	1.94608340986759e-07	3.67178602277991e-05
"Arhgap19"	1034.65121267417	-0.582214896955132	0.167225867986834	-3.48160786344952	0.000498412999227218	0.0252131967217769	-0.466063577666371	0.133852838952395	-3.48160786344952	0.000498412999227218	0.0252131967217769
"Abca1"	14202.8306582378	-0.51469690663473	0.107178589928453	-4.80223622066979	1.56903438565258e-06	0.000233051681834908	-0.466904912608793	0.0972260566697644	-4.80223622066979	1.56903438565258e-06	0.000233051681834908
"Meis3"	342.9106959084	-0.600023757736374	0.178310217821661	-3.36505537970063	0.000765282972090964	0.0351330976255579	-0.467549639892359	0.138893062693895	-3.36505537970063	0.000765282972090964	0.0351330976255579
"Gabbr1"	404.199757042318	-0.619524087364521	0.190610043646185	-3.25021743615199	0.001153168019685	0.0469403262123671	-0.468017588099596	0.143951277494112	-3.25021743615199	0.001153168019685	0.0469403262123671
"Syne1"	2104.08878904753	-0.533368887936611	0.124537669830046	-4.28279161368997	1.84563007772156e-05	0.00181469627782736	-0.468612570266999	0.109409091981152	-4.28279161368997	1.84563007772156e-05	0.00181469627782736
"Per2"	513.357941486243	-0.617221555919542	0.188303237927173	-3.27780638672955	0.00104617126189356	0.0441288312947369	-0.468989075571974	0.143059880645257	-3.27780638672955	0.00104617126189356	0.0441288312947369
"Zfp609"	1118.56960202965	-0.527796711066429	0.116945089328452	-4.51320114506098	6.38564074337872e-06	0.000762019795376527	-0.470464908520078	0.104227289319431	-4.51320114506098	6.38564074337872e-06	0.000762019795376527
"Wipf2"	816.642166704071	-0.564663449881394	0.149898969497436	-3.7669601850802	0.000165247342129046	0.0115938863859585	-0.470466603592251	0.124871809647468	-3.7669601850802	0.000165247342129046	0.0115938863859585
"Src"	769.887446758845	-0.573550596821486	0.155157641130954	-3.69656687637707	0.000218534710652798	0.0140235524503751	-0.472264645000294	0.127730204256134	-3.69656687637707	0.000218534710652798	0.0140235524503751
"Ifi211"	894.830446977255	-0.58683979158632	0.163141858275771	-3.59711356600059	0.000321768021199683	0.0187188546332916	-0.474284894538454	0.131848897546529	-3.59711356600059	0.000321768021199683	0.0187188546332916
"Stard13"	412.48162968072	-0.60941877113427	0.17737940720279	-3.43567937645404	0.000591070030925911	0.0286545825409291	-0.475911607504792	0.138494128809129	-3.43567937645404	0.000591070030925911	0.0286545825409291
"Mmp12"	5267.0590102837	-0.526241107314218	0.108259361170408	-4.86092936098041	1.16835942376773e-06	0.000183288025557809	-0.47647582881869	0.098020047794163	-4.86092936098041	1.16835942376773e-06	0.000183288025557809
"Ddx60"	596.904152066761	-0.625043890480132	0.186591338445011	-3.34980120561348	0.000808695771878352	0.0364226140869856	-0.477020292484013	0.142381770017772	-3.34980120561348	0.000808695771878352	0.0364226140869856
"Dpy19l3"	366.623550925339	-0.612703491240117	0.178277756225623	-3.4367915785562	0.000588648380551056	0.0286366156419995	-0.477453103799545	0.138880449113596	-3.4367915785562	0.000588648380551056	0.0286366156419995
"P2ry13"	907.951404118946	-0.60839633293029	0.174199015392602	-3.49253600291089	0.000478457092281769	0.0246502506363028	-0.478882384815541	0.137103021716482	-3.49253600291089	0.000478457092281769	0.0246502506363028
"Ccn1"	943.751633051371	-0.648695669071547	0.195630515344908	-3.31592271240434	0.000913410860413128	0.0399781894454172	-0.48364533300225	0.145864635912559	-3.31592271240434	0.000913410860413128	0.0399781894454172
"Slco2b1"	10524.6698808734	-0.52665765301813	0.0975233013483381	-5.40032633982509	6.65197774969487e-08	1.42884482063446e-05	-0.485513232521723	0.0899031151604739	-5.40032633982509	6.65197774969487e-08	1.42884482063446e-05
"Gimap6"	582.588822786703	-0.642367101086078	0.189594942999307	-3.38810250381217	0.00070377957375854	0.0330847488512348	-0.486424482519718	0.143568841265723	-3.38810250381217	0.00070377957375854	0.0330847488512348
"Dchs1"	281.096953254365	-0.655143368364867	0.194540390626206	-3.36764702823936	0.000758125901382213	0.0351330976255579	-0.489865621440311	0.145411371510056	-3.36764702823936	0.000758125901382213	0.0351330976255579
"Spats2"	288.885192584032	-0.68191988981727	0.209620904366756	-3.25311014126803	0.00114149242595171	0.0466009276349059	-0.489896216660587	0.15057724480852	-3.25311014126803	0.00114149242595171	0.0466009276349059
"Ddx3x"	22426.8567186181	-0.530082318991465	0.0954855991303594	-5.55143732478217	2.83330298144797e-08	6.7048434283011e-06	-0.490252771115709	0.0883106656131994	-5.55143732478217	2.83330298144797e-08	6.7048434283011e-06
"Fkbp9"	761.028579900523	-0.577686126625919	0.141192892639307	-4.0914674657292	4.28652089226329e-05	0.00360532558420362	-0.490548126841562	0.11986996171711	-4.0914674657292	4.28652089226329e-05	0.00360532558420362
"Frmd4a"	1676.84304699705	-0.569549146637345	0.133473194564243	-4.26714254121798	1.97992660849537e-05	0.0019197038408203	-0.491524829694436	0.115177440849856	-4.26714254121798	1.97992660849537e-05	0.0019197038408203
"Sec24a"	586.586464488928	-0.618742086790699	0.17015700492646	-3.63630099776446	0.000276581130155495	0.0169369549966273	-0.491820638489857	0.135227820209672	-3.63630099776446	0.000276581130155495	0.0169369549966273
"Pcyt1a"	3459.59903757934	-0.55778380866087	0.120364252072421	-4.63413180455989	3.58438576308574e-06	0.000467712093684141	-0.493999491043345	0.106598033288188	-4.63413180455989	3.58438576308574e-06	0.000467712093684141
"Lrp5"	1386.40772530504	-0.56692910973589	0.126421757848546	-4.48442672672747	7.31102229870144e-06	0.0008436073829295	-0.49626137277367	0.110648917687073	-4.48442672672747	7.31102229870144e-06	0.0008436073829295
"Arhgef3"	1698.62589470097	-0.560210824057904	0.118165580161214	-4.74089682709301	2.12774269726111e-06	0.000303138199379179	-0.498211065790475	0.105079881732959	-4.74089682709301	2.12774269726111e-06	0.000303138199379179
"Dnase1l3"	391.151534766918	-0.726495731928258	0.22137884156904	-3.28168548890744	0.00103188630433461	0.0437908710672335	-0.505560597790104	0.154044595551937	-3.28168548890744	0.00103188630433461	0.0437908710672335
"Ndst1"	827.040917048863	-0.584349700778111	0.131373811275186	-4.44799229851134	8.66766367586646e-06	0.000975950969697157	-0.506455669312092	0.113838546051135	-4.44799229851134	8.66766367586646e-06	0.000975950969697157
"Zbtb10"	797.346317142893	-0.603650966618916	0.146542559544785	-4.1192877242903	3.8004535420569e-05	0.00325533327326371	-0.506695767911903	0.122979583568054	-4.1192877242903	3.8004535420569e-05	0.00325533327326371
"Zbtb4"	1997.12508454655	-0.577186441823108	0.124274448646034	-4.64444982948254	3.40983895321381e-06	0.000449458751739775	-0.507369818139285	0.109231949138394	-4.64444982948254	3.40983895321381e-06	0.000449458751739775
"Tfpi"	389.151200427938	-0.682518125388419	0.196624787688909	-3.47117031077623	0.000518195224852721	0.0260253299618478	-0.507492589408304	0.146192921266266	-3.47117031077623	0.000518195224852721	0.0260253299618478
"Npl"	593.44618439031	-0.610580356622558	0.148399416070266	-4.11443907793717	3.88122043708879e-05	0.00330424388674596	-0.510425841874021	0.124019596859648	-4.11443907793717	3.88122043708879e-05	0.00330424388674596
"Cidec"	83.5953595352689	-1.96915279516202	0.547912556530851	-3.59391799237064	0.000325742401170855	0.0188714332163796	-0.511425364592996	0.149916047677155	-3.59391799237064	0.000325742401170855	0.0188714332163796
"Pyroxd2"	441.816343622472	-0.774224975380705	0.236539149126693	-3.27313672277573	0.00106361015457029	0.0445949699042356	-0.516365902262849	0.157808440275931	-3.27313672277573	0.00106361015457029	0.0445949699042356
"Fmn1"	1058.7875839343	-0.595027691399021	0.129883820232566	-4.58123028975884	4.6224847881144e-06	0.000586719387378666	-0.517279342498888	0.112891652500064	-4.58123028975884	4.6224847881144e-06	0.000586719387378666
"Agmo"	489.137150675576	-0.63774829305361	0.155784067632757	-4.09379664265173	4.24366538932992e-05	0.00359091249489845	-0.524345325256002	0.128038601742812	-4.09379664265173	4.24366538932992e-05	0.00359091249489845
"Tgif2"	565.192684643672	-0.66495974717337	0.173179413467797	-3.83971589843166	0.00012317676751565	0.0089572605627787	-0.524660502908221	0.136619721579947	-3.83971589843166	0.00012317676751565	0.0089572605627787
"Slc14a1"	570.553620845231	-0.705908488463312	0.194226089425999	-3.63446790567374	0.000278554928517375	0.0169833358600856	-0.528255607478617	0.145326536220748	-3.63446790567374	0.000278554928517375	0.0169833358600856
"Slc12a2"	331.102001273211	-0.686725543816827	0.183279782925309	-3.74687012858741	0.000179054728611636	0.0122547162788023	-0.528455768529449	0.140988180849565	-3.74687012858741	0.000179054728611636	0.0122547162788023
"Cracd"	50.7296911599337	-2.43848910653718	0.60754285630839	-4.01369069065211	5.97766681853435e-05	0.00488071252165945	-0.532053466391779	0.143854181660026	-4.01369069065211	5.97766681853435e-05	0.00488071252165945
"Mfsd13a"	203.329682473316	-0.867356786239942	0.264024673053251	-3.28513534818393	0.00101933392508723	0.0437798574853095	-0.534605529416676	0.162792432405359	-3.28513534818393	0.00101933392508723	0.0437798574853095
"Gramd4"	297.654518932415	-0.776122086793139	0.220138906852805	-3.52560162076252	0.000422522037362104	0.0223456541123094	-0.541956525793596	0.153677742625039	-3.52560162076252	0.000422522037362104	0.0223456541123094
"Cbfa2t3"	836.40313685287	-0.655281485285566	0.152765072764565	-4.28947188926791	1.79098479148354e-05	0.00178612354704952	-0.542471788084445	0.126438570259406	-4.28947188926791	1.79098479148354e-05	0.00178612354704952
"Tacc2"	305.976983754168	-0.717082580291712	0.189923071002593	-3.77564756354388	0.000159592510864115	0.0112536900842665	-0.542555857419972	0.14364823248862	-3.77564756354388	0.000159592510864115	0.0112536900842665
"Card11"	298.482764446698	-0.734484199286934	0.198720219221802	-3.69607180468706	0.000218961068198093	0.0140235524503751	-0.543208740331238	0.146917013440539	-3.69607180468706	0.000218961068198093	0.0140235524503751
"Igf1"	3257.67789404865	-0.617711553203682	0.12324336582355	-5.01212823161673	5.38313097571996e-07	9.05533429915688e-05	-0.544071554623237	0.108545568383312	-5.01212823161673	5.38313097571996e-07	9.05533429915688e-05
"Atp6v0d2"	277.286949799607	-0.869127298829245	0.255991176070833	-3.39514553653504	0.000685921285131463	0.0324638406203576	-0.54796874012142	0.161559918439826	-3.39514553653504	0.000685921285131463	0.0324638406203576
"Zfyve9"	212.705869209985	-0.83219760545253	0.238998809062016	-3.48201570007234	0.000497654513469618	0.0252131967217769	-0.551310810850212	0.158292305074963	-3.48201570007234	0.000497654513469618	0.0252131967217769
"Prkca"	241.333489829447	-0.804439488146212	0.225718071250304	-3.56391264416817	0.000365367592454905	0.0204869972925919	-0.553154178585036	0.155152004852344	-3.56391264416817	0.000365367592454905	0.0204869972925919
"Il1a"	3361.38485528113	-0.686484037735008	0.16224235947581	-4.23122567961274	2.32421329480347e-05	0.00214905072993682	-0.555983099828933	0.131412156570855	-4.23122567961274	2.32421329480347e-05	0.00214905072993682
"Fam135a"	267.927382547461	-0.813590432843918	0.227581799822917	-3.57493627995287	0.000350313203806849	0.019963563067556	-0.556458058292871	0.155637087405066	-3.57493627995287	0.000350313203806849	0.019963563067556
"Speg"	87.8288253908918	-1.23643703189015	0.368190942723395	-3.35814081341763	0.000784686284736889	0.0355707464529105	-0.557175134892218	0.166865474792259	-3.35814081341763	0.000784686284736889	0.0355707464529105
"Nova1"	73.7376126813214	-1.45943866804337	0.420958015290814	-3.46694590679105	0.00052640781394642	0.0262489496368568	-0.559858747435703	0.16359189935066	-3.46694590679105	0.00052640781394642	0.0262489496368568
"Cables1"	403.007583626866	-0.726186264279025	0.182241088388108	-3.98475596640704	6.75495087826373e-05	0.00542026575645507	-0.560296054955717	0.14056108465097	-3.98475596640704	6.75495087826373e-05	0.00542026575645507
"Lag3"	462.125050163519	-0.843657815765885	0.237539487108877	-3.55165293162056	0.000382819452451109	0.021210020615565	-0.560850272779406	0.158025144102791	-3.55165293162056	0.000382819452451109	0.021210020615565
"Tfec"	213.167262102883	-0.891811543647072	0.256252705625244	-3.48020342447154	0.000501033199377274	0.0252542437895505	-0.562162235853749	0.161579875125208	-3.48020342447154	0.000501033199377274	0.0252542437895505
"Nlrc4"	672.662246823217	-0.695312733831432	0.162772920681106	-4.27167326679381	1.94011697144284e-05	0.00189425966120874	-0.562515230743974	0.131646002780345	-4.27167326679381	1.94011697144284e-05	0.00189425966120874
"Sox4"	298.121475948526	-0.776335366473513	0.206325016775598	-3.76268170775368	0.000168101088869062	0.0117351370139492	-0.562647992336752	0.149501892429792	-3.76268170775368	0.000168101088869062	0.0117351370139492
"Chst15"	193.594358780495	-0.870791116832214	0.245873893048848	-3.54161682655431	0.000397682708547203	0.0216737530571479	-0.565637856972926	0.159693212093604	-3.54161682655431	0.000397682708547203	0.0216737530571479
"Snn"	267.207628097233	-0.777795408769522	0.204829352915058	-3.79728489935752	0.000146289622888477	0.010420896503923	-0.565948616392612	0.148997413396333	-3.79728489935752	0.000146289622888477	0.010420896503923
"Cnksr3"	430.940974576604	-0.707170945903758	0.165043219258537	-4.28476219187163	1.82934756592101e-05	0.00181144331314816	-0.569046136241392	0.132744670208609	-4.28476219187163	1.82934756592101e-05	0.00181144331314816
"Myh10"	1040.96255684857	-0.654504125300978	0.124932960783117	-5.23884266568527	1.61586720210249e-07	3.13343581607708e-05	-0.574587451405009	0.109654456992666	-5.23884266568527	1.61586720210249e-07	3.13343581607708e-05
"C2"	149.450675715061	-1.10867667689126	0.318384438325034	-3.48219492988984	0.000497321526250591	0.0252131967217769	-0.58029329803957	0.167255306095615	-3.48219492988984	0.000497321526250591	0.0252131967217769
"Cfh"	21284.7662847973	-0.629636552853595	0.0971003103500501	-6.48439279528287	8.90898440493494e-11	3.27334842793952e-08	-0.580837042081458	0.0895741681712036	-6.48439279528287	8.90898440493494e-11	3.27334842793952e-08
"Sec14l2"	81.6284767250257	-1.33905693686452	0.379786822856154	-3.52581199841072	0.000422186556827965	0.0223456541123094	-0.581602791915442	0.166368362129228	-3.52581199841072	0.000422186556827965	0.0223456541123094
"Maml2"	464.173028009726	-0.729517962550976	0.168818917528765	-4.32130458617988	1.55109385066263e-05	0.00158675146173298	-0.58176926801899	0.134568636891705	-4.32130458617988	1.55109385066263e-05	0.00158675146173298
"F830016B08Rik"	89.6702416404763	-1.35691211227426	0.383486238437159	-3.53835933671089	0.000402621734458813	0.0216737530571479	-0.583250194027032	0.166157978548232	-3.53835933671089	0.000402621734458813	0.0216737530571479
"Col27a1"	626.873691209352	-0.738245944699971	0.170871694317064	-4.3204695057925	1.55697572165463e-05	0.00158675146173298	-0.585793727749835	0.135550431059433	-4.3204695057925	1.55697572165463e-05	0.00158675146173298
"Prox1"	104.279439301492	-1.87154798798811	0.48426811413522	-3.86469382013766	0.00011122863705063	0.00821679487037512	-0.586960120939632	0.157306957973428	-3.86469382013766	0.00011122863705063	0.00821679487037512
"Pmepa1"	3556.86384661876	-0.638376308414071	0.0972270610091828	-6.56582953128428	5.17439853065839e-11	2.12485153779566e-08	-0.588782638812796	0.0896674760361551	-6.56582953128428	5.17439853065839e-11	2.12485153779566e-08
"Stab1"	32573.9711693681	-0.688967906622518	0.137626707885784	-5.00606253834315	5.55547140925455e-07	9.23398712095381e-05	-0.589450448775657	0.117752844717568	-5.00606253834315	5.55547140925455e-07	9.23398712095381e-05
"Adcy6"	205.440736036375	-0.929985132988464	0.254346617319022	-3.65636918151737	0.000255812864902982	0.0159449072311403	-0.589496244593085	0.161245557022391	-3.65636918151737	0.000255812864902982	0.0159449072311403
"Lrrc3"	42.368962798913	-1.94864431511385	0.500678432695701	-3.89200769967694	9.94180890334506e-05	0.00746277074776902	-0.590101165893747	0.156426700572236	-3.89200769967694	9.94180890334506e-05	0.00746277074776902
"Oplah"	267.385139703466	-1.21292159579444	0.341946596060649	-3.54710826125408	0.00038948450472499	0.0214093805313792	-0.590519473654629	0.167477218325205	-3.54710826125408	0.00038948450472499	0.0214093805313792
"Ermap"	305.643294179391	-0.900507413785876	0.241364818646312	-3.73089756343259	0.000190798796556913	0.0128073692188828	-0.59229215078342	0.158815006164786	-3.73089756343259	0.000190798796556913	0.0128073692188828
"Tppp"	658.895387661637	-0.726813641215372	0.15945955948984	-4.55798099242636	5.16477102406315e-06	0.000643844044981873	-0.592470895212172	0.129960286533733	-4.55798099242636	5.16477102406315e-06	0.000643844044981873
"Rusc2"	674.994567216708	-0.729387410420871	0.160820833294442	-4.53540375011896	5.74933933239532e-06	0.000692002377231926	-0.592751218963024	0.13065745723632	-4.53540375011896	5.74933933239532e-06	0.000692002377231926
"Camk2n1"	176.365430371112	-0.933086146928119	0.253167449557769	-3.68564816905975	0.000228121316010438	0.014543515133049	-0.593226833106776	0.161021082485547	-3.68564816905975	0.000228121316010438	0.014543515133049
"Afap1"	103.127659216312	-1.1827547975395	0.331701745752291	-3.56571773493999	0.000362861755662459	0.0204869972925919	-0.594792461262118	0.167483568703568	-3.56571773493999	0.000362861755662459	0.0204869972925919
"Dip2c"	521.294260027533	-0.737649670065839	0.164026357238107	-4.49714108443584	6.88732887207386e-06	0.000814922760270299	-0.594965559983539	0.132250664525966	-4.49714108443584	6.88732887207386e-06	0.000814922760270299
"Zfp827"	63.4285869494049	-1.5111445412469	0.408548176276254	-3.69881602463718	0.000216607531876749	0.0140235524503751	-0.602286343741193	0.164676037561537	-3.69881602463718	0.000216607531876749	0.0140235524503751
"Kdm5b"	387.727258055457	-0.792098661017077	0.181936690197631	-4.35370490777121	1.33855861705705e-05	0.00142663781766035	-0.611632635855657	0.140416813403547	-4.35370490777121	1.33855861705705e-05	0.00142663781766035
"Adgrl2"	546.252497321459	-0.76000354637877	0.162099203833083	-4.68850881686849	2.75203060461936e-06	0.000374814756222332	-0.615819439748268	0.131288218922591	-4.68850881686849	2.75203060461936e-06	0.000374814756222332
"Tgfa"	63.1636512242225	-1.67897885790647	0.435338511520532	-3.85672026130242	0.000114918547747206	0.00844469875603418	-0.616263958738955	0.162548663168884	-3.85672026130242	0.000114918547747206	0.00844469875603418
"Cp"	2662.25406329779	-0.714589112899927	0.132034205106632	-5.41215143699178	6.22719895927285e-08	1.35850237295887e-05	-0.618495504537074	0.114271427032063	-5.41215143699178	6.22719895927285e-08	1.35850237295887e-05
"Mmp14"	1969.53261521868	-0.716871834880988	0.133134585359969	-5.38456504703652	7.26200390687927e-08	1.52337420380662e-05	-0.619078723380395	0.114961003677296	-5.38456504703652	7.26200390687927e-08	1.52337420380662e-05
"Steap4"	479.649659747014	-0.857971270757917	0.205960350449174	-4.16571087049905	3.10383872739094e-05	0.00272552178061838	-0.622459306720638	0.149404280274023	-4.16571087049905	3.10383872739094e-05	0.00272552178061838
"Ikzf2"	106.791889680871	-1.26317087570811	0.336871880784698	-3.74970707785321	0.000177041250060792	0.0122368808581623	-0.625586942953661	0.167504888253155	-3.74970707785321	0.000177041250060792	0.0122368808581623
"Ephb6"	97.1320643809271	-1.33354453937427	0.349528371842038	-3.81526836389962	0.000136035011789788	0.00979031358045888	-0.635679707857573	0.167404946707586	-3.81526836389962	0.000136035011789788	0.00979031358045888
"Rcbtb2"	1425.26811736854	-0.721279433326014	0.121135586870591	-5.95431492891151	2.61163474382542e-09	7.5965925611022e-07	-0.637877154719336	0.107106797448854	-5.95431492891151	2.61163474382542e-09	7.5965925611022e-07
"Kcnn3"	82.6848077395703	-2.53919363643408	0.550022296411717	-4.61652855347772	3.90212354963615e-06	0.000499829807339632	-0.640171471399484	0.150412728434202	-4.61652855347772	3.90212354963615e-06	0.000499829807339632
"Sncaip"	37.087408139775	-2.45394481144774	0.548534814203031	-4.47363548841123	7.69007922659876e-06	0.000880072837391572	-0.646252150901807	0.15228191538422	-4.47363548841123	7.69007922659876e-06	0.000880072837391572
"Cd79b"	224.701525502823	-1.01126340735687	0.24936526768285	-4.05534987592188	5.00593153424296e-05	0.00413566959059765	-0.650201962043947	0.160343790143981	-4.05534987592188	5.00593153424296e-05	0.00413566959059765
"Rora"	380.877956056199	-0.909665519546357	0.210391386395264	-4.32368232907292	1.534462074272e-05	0.00158675146173298	-0.652043856379786	0.150795857977933	-4.32368232907292	1.534462074272e-05	0.00158675146173298
"Arhgef18"	360.937481028746	-0.858512349133364	0.185443699836127	-4.62950399443074	3.66542656151845e-06	0.000473858200480746	-0.657105330699247	0.141846709636632	-4.62950399443074	3.66542656151845e-06	0.000473858200480746
"Cpne5"	50.9119332222932	-2.81620570873458	0.580018150042298	-4.85537514391439	1.20159045363461e-06	0.000186406732373849	-0.658552839113402	0.148435033387358	-4.85537514391439	1.20159045363461e-06	0.000186406732373849
"Rnf144b"	335.371285408137	-0.959725332926383	0.226235314832626	-4.24215526933277	2.21383437739927e-05	0.00206063703848324	-0.658807385483696	0.155283712747245	-4.24215526933277	2.21383437739927e-05	0.00206063703848324
"P3h2"	1703.53674025355	-0.778183593580886	0.14214585346171	-5.47454304596024	4.38642009850931e-08	9.8779350669979e-06	-0.659431680992067	0.120438590549538	-5.47454304596024	4.38642009850931e-08	9.8779350669979e-06
"Chd5"	308.071675592539	-0.995648854193666	0.234545739770735	-4.24500933236689	2.18584323498206e-05	0.00204823780179997	-0.667678476746154	0.157296631881004	-4.24500933236689	2.18584323498206e-05	0.00204823780179997
"Tcaf1"	209.499525873007	-0.956256790595771	0.219268623008207	-4.36112006121358	1.29398334756952e-05	0.00140051127897408	-0.669251667955248	0.153341047758773	-4.36112006121358	1.29398334756952e-05	0.00140051127897408
"Igf2bp3"	42.201824879845	-2.42314029912388	0.529874385592085	-4.57304667863166	4.80682997848008e-06	0.000604621262698548	-0.670695223233461	0.154093769733476	-4.57304667863166	4.80682997848008e-06	0.000604621262698548
"Arhgef5"	194.181786893853	-0.984003610676292	0.226903660547955	-4.33665815835672	1.44665344253091e-05	0.00151865980185087	-0.67420046212096	0.15537166120606	-4.33665815835672	1.44665344253091e-05	0.00151865980185087
"Adam33"	855.885262793208	-0.885720327335528	0.184709605870218	-4.79520446791414	1.62508987691448e-06	0.000238836893278737	-0.679072776787655	0.141605243892705	-4.79520446791414	1.62508987691448e-06	0.000238836893278737
"Apoe"	227078.082740848	-0.765647984558381	0.114977495123896	-6.65911171341266	2.75487486140482e-11	1.20198633796669e-08	-0.68494692686951	0.102861253373008	-6.65911171341266	2.75487486140482e-11	1.20198633796669e-08
"Adcy3"	355.531465458483	-0.956176211574195	0.209919010649749	-4.55497674371941	5.23913743110928e-06	0.000647334839054405	-0.686338082764681	0.150631072956161	-4.55497674371941	5.23913743110928e-06	0.000647334839054405
"Igsf10"	155.686116928695	-1.0951058182058	0.257269778105288	-4.25664384783521	2.07518536540342e-05	0.00199818883253535	-0.688178353005914	0.161648947799714	-4.25664384783521	2.07518536540342e-05	0.00199818883253535
"Elavl4"	87.1493265056552	-1.38934169556772	0.335449530728359	-4.14173092611294	3.44694584005333e-05	0.00298920856017544	-0.691214243161134	0.167498335043814	-4.14173092611294	3.44694584005333e-05	0.00298920856017544
"Etl4"	198.733177048083	-1.119945241488	0.260624346819905	-4.29716277528704	1.72998159819628e-05	0.00173769806287888	-0.696684561238558	0.16222155954948	-4.29716277528704	1.72998159819628e-05	0.00173769806287888
"Slc7a2"	169.753072188949	-1.22899948508209	0.28921690647629	-4.24940402017213	2.14340023313592e-05	0.00202203743615161	-0.701909654448376	0.165600393638435	-4.24940402017213	2.14340023313592e-05	0.00202203743615161
"Unc13b"	363.445296113124	-0.919954279218598	0.178995299544274	-5.13954434312423	2.75405495697957e-07	4.92975837299344e-05	-0.715570025678043	0.139121111406132	-5.13954434312423	2.75405495697957e-07	4.92975837299344e-05
"Hspg2"	412.029998524184	-1.00774761400309	0.208528163242978	-4.83266911447763	1.34714589213388e-06	0.000204444032021448	-0.725765311511234	0.150194492837455	-4.83266911447763	1.34714589213388e-06	0.000204444032021448
"Klhl13"	234.336144126371	-1.14201311514215	0.250986645927736	-4.55009512924825	5.36216679579092e-06	0.000656724322831867	-0.730283611218551	0.160613687285324	-4.55009512924825	5.36216679579092e-06	0.000656724322831867
"Chp2"	1635.49000743238	-0.917784283557548	0.164201448207234	-5.58937995722935	2.27881836421801e-08	5.75211670978526e-06	-0.739885307175293	0.132367588718393	-5.58937995722935	2.27881836421801e-08	5.75211670978526e-06
"Afap1l1"	460.459216420977	-1.0540219634493	0.214537197592268	-4.91300331727316	8.96917587994067e-07	0.000142304129131513	-0.746685788508217	0.152049532215135	-4.91300331727316	8.96917587994067e-07	0.000142304129131513
"Bhlhe41"	114.633086731878	-1.41831567337956	0.31613075870176	-4.48648426114589	7.24080635064659e-06	0.000842467818897731	-0.747648530452186	0.167134478567138	-4.48648426114589	7.24080635064659e-06	0.000842467818897731
"Dlc1"	423.231869122121	-1.17263642447905	0.249830535901022	-4.69372737103533	2.68271507733136e-06	0.000374560679097004	-0.751837553402479	0.160463363184628	-4.69372737103533	2.68271507733136e-06	0.000374560679097004
"Zfp691"	605.930082409951	-1.0074976574803	0.194658831927349	-5.17570997167146	2.27045924129825e-07	4.22668692360082e-05	-0.752916733177908	0.145449198455551	-5.17570997167146	2.27045924129825e-07	4.22668692360082e-05
"Neo1"	191.015814899577	-1.24561046793822	0.262565981360459	-4.74399029715963	2.09548890054004e-06	0.000302190622725216	-0.769952695250275	0.162474794842822	-4.74399029715963	2.09548890054004e-06	0.000302190622725216
"Cdc42bpa"	383.263396606178	-1.04614333721716	0.198243499609883	-5.27706249776579	1.31271126126795e-07	2.65624269997437e-05	-0.774482032275947	0.146697268254979	-5.27706249776579	1.31271126126795e-07	2.65624269997437e-05
"Gpr165"	92.8208266086211	-2.93528786423883	0.528461184275094	-5.55440579475152	2.78557689761969e-08	6.7048434283011e-06	-0.777384801796291	0.153592742749808	-5.55440579475152	2.78557689761969e-08	6.7048434283011e-06
"Nr3c2"	82.0048677928152	-1.87963935583406	0.387868669526707	-4.84607163070858	1.2593006492605e-06	0.000193212699615111	-0.793530374544723	0.1661401772377	-4.84607163070858	1.2593006492605e-06	0.000193212699615111
"Kcnj10"	605.256237511579	-1.0401212608076	0.184434465402416	-5.63951677110984	1.70528043379291e-08	4.49228781445597e-06	-0.797931667100829	0.141447146402092	-5.63951677110984	1.70528043379291e-08	4.49228781445597e-06
"Cd55"	311.906445669603	-1.18356474393599	0.231144079672659	-5.12046315705826	3.04786161371259e-07	5.38661314565255e-05	-0.801092120659261	0.15644713347637	-5.12046315705826	3.04786161371259e-07	5.38661314565255e-05
"Tjp1"	379.410737491126	-1.38546058574843	0.281151893902233	-4.92780100649153	8.31602486138221e-07	0.000133457861051286	-0.809139465926288	0.164888698061896	-4.92780100649153	8.31602486138221e-07	0.000133457861051286
"Plag1"	85.6038829230186	-1.93616791616203	0.389749383575751	-4.96772540959188	6.77427936366698e-07	0.000111273515853551	-0.811924324458229	0.166044310645867	-4.96772540959188	6.77427936366698e-07	0.000111273515853551
"Nes"	1922.21207681765	-0.924809632463185	0.120641884854116	-7.66574257009905	1.77799489819445e-14	1.18211260802814e-11	-0.818611574221205	0.106765512709521	-7.66574257009905	1.77799489819445e-14	1.18211260802814e-11
"Samd4"	289.933469112853	-1.22761457678837	0.229759733358809	-5.34303621806192	9.14024917103005e-08	1.87670821949885e-05	-0.833792119867805	0.156081452621116	-5.34303621806192	9.14024917103005e-08	1.87670821949885e-05
"Siglech"	1102.88773825895	-1.08412089257088	0.171997256611911	-6.30312897965026	2.91695950726645e-10	1.01816471601135e-07	-0.857719399712239	0.136061118213252	-6.30312897965026	2.91695950726645e-10	1.01816471601135e-07
"Pcdhgb2"	146.685446601773	-1.7437523483695	0.332244603396783	-5.24839931346311	1.53426456364432e-07	3.01709885036648e-05	-0.871728247382902	0.167476574818877	-5.24839931346311	1.53426456364432e-07	3.01709885036648e-05
"Cd38"	518.620658707795	-1.16442475413552	0.191890005170408	-6.06818866413311	1.29360891569678e-09	4.01363726243522e-07	-0.876305626973364	0.144359125851133	-6.06818866413311	1.29360891569678e-09	4.01363726243522e-07
"Maoa"	692.991634321215	-1.07934939502159	0.155119445474613	-6.95818239756562	3.44690770365602e-12	1.65950777098087e-09	-0.888700652092494	0.127632988521078	-6.95818239756562	3.44690770365602e-12	1.65950777098087e-09
"Gpnmb"	261.845782858007	-1.36816314524197	0.243582795161243	-5.61682997494259	1.94492635016204e-08	5.02871512980786e-06	-0.893163630520605	0.15913162274493	-5.61682997494259	1.94492635016204e-08	5.02871512980786e-06
"Thbs2"	72.7358406857032	-2.32116875697878	0.416351224618289	-5.57502565077556	2.47493395630542e-08	6.06228559612917e-06	-0.89543929346044	0.164683017404336	-5.57502565077556	2.47493395630542e-08	6.06228559612917e-06
"Tal1"	184.802689148779	-1.69111652679494	0.310149956084403	-5.45257703126912	4.96450552601824e-08	1.10022898657566e-05	-0.904695112989989	0.166900434780934	-5.45257703126912	4.96450552601824e-08	1.10022898657566e-05
"Adam22"	393.346750240332	-1.22563414994089	0.198034326499861	-6.18899850143782	6.05476588690194e-10	1.96596840262616e-07	-0.907862915822821	0.146573164808257	-6.18899850143782	6.05476588690194e-10	1.96596840262616e-07
"Spic"	530.758474328636	-1.25032958074765	0.203931906922908	-6.13111307403362	8.72663514983216e-10	2.76911999913538e-07	-0.911472565305561	0.148664543964159	-6.13111307403362	8.72663514983216e-10	2.76911999913538e-07
"Cd163"	10033.0778175037	-1.02111129214411	0.110045183010644	-9.27901852864695	1.71046846345454e-20	2.38815606867523e-17	-0.921634057773666	0.0993214337127578	-9.27901852864695	1.71046846345454e-20	2.38815606867523e-17
"F7"	87.8568935859611	-2.5112575334161	0.427292555143006	-5.87713851596508	4.17418917906187e-09	1.18938835342983e-06	-0.926042882216608	0.163831525464398	-5.87713851596508	4.17418917906187e-09	1.18938835342983e-06
"Sh3bgrl2"	402.792640134115	-1.24636671246668	0.192084806871594	-6.4886272515028	8.66219777075483e-11	3.268692034467e-08	-0.937646306091268	0.144367588532052	-6.4886272515028	8.66219777075483e-11	3.268692034467e-08
"Epb41l3"	110.332205888615	-2.27900182036	0.390619639202476	-5.83432472830351	5.40088468755492e-09	1.50814304015284e-06	-0.945769872235822	0.16606204181632	-5.83432472830351	5.40088468755492e-09	1.50814304015284e-06
"Ildr2"	942.321115554012	-1.25451978647889	0.179421888063506	-6.99201084114587	2.70973936036074e-12	1.35119217676274e-09	-0.974409815232847	0.13934052022061	-6.99201084114587	2.70973936036074e-12	1.35119217676274e-09
"Bmpr1a"	221.840207069834	-1.46401550091628	0.231407297918007	-6.32657446021868	2.50663371489221e-10	8.97374869931412e-08	-0.990190817608183	0.156310989592463	-6.32657446021868	2.50663371489221e-10	8.97374869931412e-08
"Ly75"	99.1586867618887	-2.20169793447099	0.364711270737955	-6.03682449959961	1.57176503174258e-09	4.77064855938912e-07	-0.992849956057374	0.167201242952966	-6.03682449959961	1.57176503174258e-09	4.77064855938912e-07
"Ppp1r9a"	556.72242518004	-1.48040210437962	0.227458701115636	-6.50844349817601	7.59334592427537e-11	2.9449526609648e-08	-1.01129267340119	0.155546497245966	-6.50844349817601	7.59334592427537e-11	2.9449526609648e-08
"Colec12"	1345.95674036158	-1.17394018236884	0.12430511494047	-9.4440215346814	3.58740252253573e-21	5.56525711329376e-18	-1.03184179828717	0.109196033642873	-9.4440215346814	3.58740252253573e-21	5.56525711329376e-18
"Edil3"	117.258083501105	-2.14773738009698	0.34438422466877	-6.23645691716188	4.4759250972461e-10	1.48792538589881e-07	-1.03262272239912	0.16750105681888	-6.23645691716188	4.4759250972461e-10	1.48792538589881e-07
"Lzts2"	234.726050008495	-1.55893726795088	0.2382963661429	-6.54201024205307	6.06973448507484e-11	2.421303796589e-08	-1.03336601291303	0.157887136774465	-6.54201024205307	6.06973448507484e-11	2.421303796589e-08
"Vcam1"	4898.06724039141	-1.21040825762366	0.127683004711946	-9.47979145975099	2.54791758856416e-21	4.4467531714416e-18	-1.05678256432512	0.111469533843039	-9.47979145975099	2.54791758856416e-21	4.4467531714416e-18
"Sgce"	397.218997265007	-1.57142902885909	0.232806921290007	-6.74992401493753	1.47922603255833e-11	6.88431795552645e-09	-1.0574037851448	0.156774698183142	-6.74992401493753	1.47922603255833e-11	6.88431795552645e-09
"Il18r1"	252.47036095411	-1.46479128601934	0.206106062591546	-7.10697816260851	1.18611192646556e-12	6.13351656196745e-10	-1.06196406625836	0.149107608804861	-7.10697816260851	1.18611192646556e-12	6.13351656196745e-10
"Tmem119"	1473.3378690318	-1.24394842729456	0.137865276383274	-9.02292774459255	1.83128356710276e-19	2.32439828762625e-16	-1.06365104356832	0.117832208614262	-9.02292774459255	1.83128356710276e-19	2.32439828762625e-16
"Spats2l"	210.497350419682	-1.72243380831731	0.257591620856902	-6.68668414984727	2.28283839827627e-11	1.0281609586043e-08	-1.07915027724306	0.16150992755388	-6.68668414984727	2.28283839827627e-11	1.0281609586043e-08
"Lilra5"	1741.23516358267	-1.29791616193773	0.129705407754132	-10.0066464799836	1.42501239944958e-23	3.979204624223e-20	-1.1286253896345	0.112734543504292	-10.0066464799836	1.42501239944958e-23	3.979204624223e-20
"Pla2g2d"	1493.77923688901	-1.4916994753239	0.189331970362876	-7.87875112937811	3.30669356743444e-15	2.42989766255367e-12	-1.1294119911489	0.143423033785696	-7.87875112937811	3.30669356743444e-15	2.42989766255367e-12
"Cd22"	293.055935046974	-1.90955180724606	0.265740283665889	-7.18578222655512	6.68234842520366e-13	3.73195794850774e-10	-1.16593989527704	0.162815466627386	-7.18578222655512	6.68234842520366e-13	3.73195794850774e-10
"Fscn1"	1288.1040794291	-1.58567550657475	0.196166309731222	-8.08332230313844	6.30257651572676e-16	5.17626901838688e-13	-1.17920894920355	0.145983306161748	-8.08332230313844	6.30257651572676e-16	5.17626901838688e-13
"Cpne8"	434.818954997413	-1.60411518091377	0.19896080185605	-8.0624684156348	7.47690678683461e-16	5.79958736432138e-13	-1.18485486875292	0.146783418629108	-8.0624684156348	7.47690678683461e-16	5.79958736432138e-13
"Siglecf"	102.309095714452	-2.28558124628627	0.321006436207715	-7.12004803793817	1.07889453637487e-12	5.79366366033307e-10	-1.18553311224117	0.167049510178729	-7.12004803793817	1.07889453637487e-12	5.79366366033307e-10
"Peg10"	357.183487632881	-2.22476980412629	0.306631713800692	-7.25551110336999	4.00147948635413e-13	2.32786069118651e-10	-1.19331573734499	0.166725066904225	-7.25551110336999	4.00147948635413e-13	2.32786069118651e-10
"Nbea"	142.47923096825	-2.43106375281602	0.334376453339575	-7.27043943595862	3.58319935320627e-13	2.17515779867243e-10	-1.20072023431192	0.167446515648571	-7.27043943595862	3.58319935320627e-13	2.17515779867243e-10
"Sort1"	617.082860644662	-1.48430970828605	0.153048102482137	-9.69832153560541	3.06499074471338e-22	6.5687483552996e-19	-1.22767334928484	0.126383422845435	-9.69832153560541	3.06499074471338e-22	6.5687483552996e-19
"H2.M2"	801.684353520329	-1.92465057184893	0.229331166255694	-8.39245098375786	4.76110529523496e-17	4.1546595082544e-14	-1.30541619652862	0.155975454393243	-8.39245098375786	4.76110529523496e-17	4.1546595082544e-14
"Tln2"	545.341011732015	-1.78151907165433	0.183832577511803	-9.69098674330424	3.29331317054127e-22	6.5687483552996e-19	-1.3682899987767	0.140943269390435	-9.69098674330424	3.29331317054127e-22	6.5687483552996e-19
"Mmp13"	2139.401494426	-1.58692505357073	0.117485056178202	-13.5074630356705	1.41307547795141e-41	1.97293598231576e-37	-1.412995682472	0.104536931785471	-13.5074630356705	1.41307547795141e-41	1.97293598231576e-37
"Cd4"	3160.56434596172	-1.92326489763555	0.165708034340307	-11.6063467006423	3.82616140884736e-31	1.78069551967756e-27	-1.54368326158646	0.133058531711848	-11.6063467006423	3.82616140884736e-31	1.78069551967756e-27
"Tcim"	2825.40927328622	-2.04844521686774	0.162592238078058	-12.5986654780181	2.14747195300715e-36	1.49915017039429e-32	-1.65619666832213	0.131492948719145	-12.5986654780181	2.14747195300715e-36	1.49915017039429e-32
